1.18014e-10
1.42927e-09
9.15098e-09
4.12191e-08
1.46677e-07
4.39073e-07
1.14983e-06
2.70522e-06
5.82847e-06
1.16657e-05
2.1932e-05
3.90719e-05
6.6426e-05
0.000108397
0.000170605
0.00026003
0.000385124
0.000555907
0.000784022
0.00108277
0.00146709
0.00195355
0.00256028
0.00330686
0.00421427
0.00530471
0.00660148
0.00812884
0.00991185
0.0119762
0.0143481
0.0170541
0.0201208
0.0235749
0.027443
0.0317515
0.0365263
0.0417929
0.0475762
0.0539004
0.0607889
0.0682643
0.0763484
0.085062
0.0944247
0.104455
0.115171
0.12659
0.138726
0.151594
0.165207
0.179577
0.194716
0.210633
0.227338
0.244837
0.263139
0.282248
0.30217
0.322907
0.344464
0.366843
0.390043
0.414066
0.438912
0.464578
0.491063
0.518364
0.546478
0.5754
0.605127
0.635652
0.66697
0.699076
0.731961
0.765619
0.800042
0.835222
0.871151
0.90782
0.945219
0.983341
1.02217
1.06171
1.10193
1.14284
1.18442
1.22666
1.26955
1.31308
1.35723
1.402
1.44738
1.49334
1.53989
1.58702
1.6347
1.68292
1.73169
1.78098
1.83078
1.88108
1.93188
1.98315
2.03489
2.08709
2.13973
2.1928
2.2463
2.30021
2.35452
2.40923
2.46431
2.51976
2.57556
2.63172
2.68821
2.74503
2.80217
2.85962
2.91736
2.97539
3.0337
3.09228
3.15111
3.2102
3.26953
3.32909
3.38887
3.44887
3.50908
3.56948
3.63007
3.69084
3.75179
3.8129
3.87417
3.93558
3.99714
4.05884
4.12066
4.1826
4.24466
4.30682
4.36909
4.43144
4.49388
4.55641
4.619
4.68166
4.74439
4.80717
4.87
4.93288
4.99579
5.05874
5.12171
5.18471
5.24772
5.31075
5.37378
5.43682
5.49985
5.56287
5.62589
5.68889
5.75186
5.81482
5.87774
5.94063
6.00349
6.0663
6.12907
6.19179
6.25446
6.31707
6.37962
6.44211
6.50454
6.56689
6.62918
6.69138
6.75351
6.81556
6.87752
6.9394
7.00119
7.06288
7.12448
7.18598
7.24738
7.30868
7.36987
7.43096
7.49193
7.5528
7.61355
7.67418
7.7347
7.7951
7.85537
7.91553
7.97555
8.03545
8.09522
8.15486
8.21437
8.27374
8.33298
8.39208
8.45105
8.50987
8.56855
8.6271
8.68549
8.74375
8.80186
8.85982
8.91763
8.97529
9.03281
9.09017
9.14738
9.20444
9.26134
9.31809
9.37468
9.43112
9.4874
9.54352
9.59948
9.65528
9.71093
9.76641
9.82173
9.87689
9.93189
9.98673
10.0414
10.0959
10.1502
10.2044
10.2584
10.3123
10.366
10.4195
10.4728
10.526
10.579
10.6319
10.6846
10.7371
10.7894
10.8416
10.8936
10.9455
10.9971
11.0486
11.1
11.1511
11.2021
11.253
11.3036
11.3541
11.4044
11.4546
11.5046
11.5544
11.604
11.6535
11.7028
11.7519
11.8009
11.8497
11.8983
11.9468
11.9951
12.0432
12.0912
12.139
12.1866
12.234
12.2813
12.3284
12.3754
12.4222
12.4688
12.5152
12.5615
12.6077
12.6536
12.6994
12.745
12.7905
12.8358
12.8809
12.9259
12.9707
13.0153
13.0598
13.1041
13.1483
13.1923
13.2361
13.2798
13.3233
13.3666
13.4098
13.4528
13.4957
13.5384
13.5809
13.6233
13.6656
13.7076
13.7495
13.7913
13.8329
13.8743
13.9156
13.9568
13.9977
14.0386
14.0792
14.1198
14.1601
14.2003
14.2404
14.2803
14.32
14.3596
14.3991
14.4384
14.4775
14.5165
14.5554
14.5941
14.6326
14.671
14.7093
14.7474
14.7854
14.8232
14.8608
14.8984
14.9357
14.973
15.0101
15.047
15.0838
15.1205
15.157
15.1934
15.2296
15.2657
15.3017
15.3375
15.3731
15.4087
15.4441
15.4793
15.5145
15.5494
15.5843
15.619
15.6536
15.688
15.7223
15.7565
15.7905
15.8244
15.8582
15.8918
15.9253
15.9587
15.9919
16.025
16.058
16.0909
16.1236
16.1562
16.1886
16.221
16.2532
16.2853
16.3172
16.349
16.3807
16.4123
16.4437
16.4751
16.5063
16.5373
16.5683
16.5991
16.6298
16.6604
16.6909
16.7212
16.7514
16.7815
16.8115
16.8413
16.8711
16.9007
16.9302
16.9596
16.9889
17.018
17.047
17.076
17.1048
17.1335
17.162
17.1905
17.2188
17.2471
17.2752
17.3032
17.3311
17.3589
17.3865
17.4141
17.4416
17.4689
17.4961
17.5232
17.5503
17.5772
17.604
17.6306
17.6572
17.6837
17.7101
17.7363
17.7625
17.7885
17.8145
17.8403
17.866
17.8917
17.9172
17.9426
17.968
17.9932
18.0183
18.0433
18.0682
18.0931
18.1178
18.1424
18.1669
18.1913
18.2157
18.2399
18.264
18.288
18.312
18.3358
18.3596
18.3832
18.4067
18.4302
18.4536
18.4768
18.5
18.5231
18.546
18.5689
18.5917
18.6144
18.637
18.6596
18.682
18.7043
18.7266
18.7487
18.7708
18.7928
18.8147
18.8365
18.8582
18.8798
18.9014
18.9228
18.9442
18.9654
18.9866
19.0077
19.0288
19.0497
19.0705
19.0913
19.112
19.1326
19.1531
19.1735
19.1939
19.2141
19.2343
19.2544
19.2744
19.2944
19.3142
19.334
19.3537
19.3733
19.3928
19.4123
19.4317
19.451
19.4702
19.4893
19.5084
19.5274
19.5463
19.5651
19.5839
19.6025
19.6211
19.6397
19.6581
19.6765
19.6948
19.713
19.7312
19.7493
19.7673
19.7852
19.8031
19.8208
19.8386
19.8562
19.8738
19.8913
19.9087
19.9261
19.9433
19.9606
19.9777
19.9948
20.0118
20.0287
20.0456
20.0624
20.0791
20.0958
20.1124
20.1289
20.1454
20.1618
20.1781
20.1943
20.2105
20.2267
20.2427
20.2587
20.2746
20.2905
20.3063
20.322
20.3377
20.3533
20.3689
20.3844
20.3998
20.4151
20.4304
20.4456
20.4608
20.4759
20.491
20.5059
20.5209
20.5357
20.5505
20.5653
20.5799
20.5946
20.6091
20.6236
20.6381
20.6525
20.6668
20.681
20.6952
20.7094
20.7235
20.7375
20.7515
20.7654
20.7793
20.7931
20.8068
20.8205
20.8342
20.8477
20.8613
20.8747
20.8882
20.9015
20.9148
20.9281
20.9413
20.9544
20.9675
20.9805
20.9935
21.0065
21.0193
21.0322
21.0449
21.0577
21.0703
21.0829
21.0955
21.108
21.1205
21.1329
21.1453
21.1576
21.1698
21.182
21.1942
21.2063
21.2184
21.2304
21.2423
21.2543
21.2661
21.2779
21.2897
21.3014
21.3131
21.3247
21.3363
21.3478
21.3593
21.3707
21.3821
21.3935
21.4048
21.416
21.4272
21.4384
21.4495
21.4606
21.4716
21.4826
21.4935
21.5044
21.5152
21.526
21.5368
21.5475
21.5581
21.5688
21.5793
21.5899
21.6004
21.6108
21.6212
21.6316
21.6419
21.6522
21.6624
21.6726
21.6828
21.6929
21.7029
21.713
21.723
21.7329
21.7428
21.7527
21.7625
21.7723
21.782
21.7917
21.8014
21.811
21.8206
21.8302
21.8397
21.8492
21.8586
21.868
21.8773
21.8866
21.8959
21.9052
21.9144
21.9235
21.9326
21.9417
21.9508
21.9598
21.9688
21.9777
21.9866
21.9955
22.0043
22.0131
22.0219
22.0306
22.0393
22.0479
22.0566
22.0651
22.0737
22.0822
22.0907
22.0991
22.1075
22.1159
22.1242
22.1325
22.1408
22.149
22.1572
22.1654
22.1735
22.1817
22.1897
22.1978
22.2058
22.2137
22.2217
22.2296
22.2374
22.2453
22.2531
22.2609
22.2686
22.2763
22.284
22.2917
22.2993
22.3069
22.3144
22.3219
22.3294
22.3369
22.3443
22.3517
22.3591
22.3664
22.3738
22.381
22.3883
22.3955
22.4027
22.4099
22.417
22.4241
22.4312
22.4382
22.4453
22.4522
22.4592
22.4661
22.473
22.4799
22.4868
22.4936
22.5004
22.5071
22.5139
22.5206
22.5273
22.5339
22.5405
22.5471
22.5537
22.5602
22.5668
22.5733
22.5797
22.5862
22.5926
22.599
22.6053
22.6116
22.6179
22.6242
22.6305
22.6367
22.6429
22.6491
22.6553
22.6614
22.6675
22.6736
22.6796
22.6856
22.6916
22.6976
22.7036
22.7095
22.7154
22.7213
22.7272
22.733
22.7388
22.7446
22.7503
22.7561
22.7618
22.7675
22.7732
22.7788
22.7844
22.79
22.7956
22.8011
22.8067
22.8122
22.8177
22.8231
22.8286
22.834
22.8394
22.8448
22.8501
22.8554
22.8607
22.866
22.8713
22.8765
22.8818
22.887
22.8921
22.8973
22.9024
22.9075
22.9126
22.9177
22.9228
22.9278
22.9328
22.9378
22.9428
22.9477
22.9526
22.9575
22.9624
22.9673
22.9722
22.977
22.9818
22.9866
22.9913
22.9961
23.0008
23.0055
23.0102
23.0149
23.0196
23.0242
23.0288
23.0334
23.038
23.0425
23.0471
23.0516
23.0561
23.0606
23.0651
23.0695
23.0739
23.0783
23.0827
23.0871
23.0915
23.0958
23.1001
23.1044
23.1087
23.113
23.1172
23.1215
23.1257
23.1299
23.1341
23.1382
23.1424
23.1465
23.1506
23.1547
23.1588
23.1629
23.1669
23.1709
23.175
23.1789
23.1829
23.1869
23.1908
23.1948
23.1987
23.2026
23.2065
23.2103
23.2142
23.218
23.2218
23.2256
23.2294
23.2332
23.237
23.2407
23.2444
23.2482
23.2518
23.2555
23.2592
23.2628
23.2665
23.2701
23.2737
23.2773
23.2809
23.2844
23.288
23.2915
23.295
23.2985
23.302
23.3055
23.309
23.3124
23.3159
23.3193
23.3227
23.3261
23.3294
23.3328
23.3362
23.3395
23.3428
23.3461
23.3494
23.3527
23.356
23.3592
23.3625
23.3657
23.3689
23.3721
23.3753
23.3785
23.3816
23.3848
23.3879
23.391
23.3941
23.3972
23.4003
23.4034
23.4065
23.4095
23.4125
23.4156
23.4186
23.4216
23.4246
23.4275
23.4305
23.4334
23.4364
23.4393
23.4422
23.4451
23.448
23.4509
23.4537
23.4566
23.4594
23.4623
23.4651
23.4679
23.4707
23.4735
23.4762
23.479
23.4817
23.4845
23.4872
23.4899
23.4926
23.4953
23.498
23.5007
23.5033
23.506
23.5086
23.5113
23.5139
23.5165
23.5191
23.5217
23.5242
23.5268
23.5294
23.5319
23.5344
23.5369
23.5395
23.542
23.5445
23.5469
23.5494
23.5519
23.5543
23.5568
23.5592
23.5616
23.564
23.5664
23.5688
23.5712
23.5736
23.5759
23.5783
23.5806
23.5829
23.5853
23.5876
23.5899
23.5922
23.5945
23.5967
23.599
23.6013
23.6035
23.6057
23.608
23.6102
23.6124
23.6146
23.6168
23.619
23.6212
23.6233
23.6255
23.6276
23.6298
23.6319
23.634
23.6361
23.6382
23.6403
23.6424
23.6445
23.6466
23.6486
23.6507
23.6527
23.6548
23.6568
23.6588
23.6608
23.6628
23.6648
23.6668
23.6688
23.6708
23.6727
23.6747
23.6766
23.6786
23.6805
23.6824
23.6843
23.6862
23.6881
23.69
23.6919
23.6938
23.6957
23.6975
23.6994
23.7012
23.7031
23.7049
23.7067
23.7085
23.7103
23.7121
23.7139
23.7157
23.7175
23.7193
23.721
23.7228
23.7245
23.7263
23.728
23.7297
23.7314
23.7332
23.7349
23.7366
23.7383
23.7399
23.7416
23.7433
23.745
23.7466
23.7483
23.7499
23.7516
23.7532
23.7548
23.7564
23.758
23.7596
23.7612
23.7628
23.7644
23.766
23.7676
23.7691
23.7707
23.7722
23.7738
23.7753
23.7769
23.7784
23.7799
23.7814
23.7829
23.7844
23.7859
23.7874
23.7889
23.7904
23.7918
23.7933
23.7948
23.7962
23.7977
23.7991
23.8005
23.802
23.8034
23.8048
23.8062
23.8076
23.809
23.8104
23.8118
23.8132
23.8146
23.816
23.8173
23.8187
23.82
23.8214
23.8227
23.8241
23.8254
23.8267
23.8281
23.8294
23.8307
23.832
23.8333
23.8346
23.8359
23.8372
23.8384
23.8397
23.841
23.8422
23.8435
23.8448
23.846
23.8473
23.8485
23.8497
23.851
23.8522
23.8534
23.8546
23.8558
23.857
23.8582
23.8594
23.8606
23.8618
23.863
23.8641
23.8653
23.8665
23.8676
23.8688
23.8699
23.8711
23.8722
23.8733
23.8745
23.8756
23.8767
23.8778
23.879
23.8801
23.8812
23.8823
23.8834
23.8844
23.8855
