0  0  100
0  0.02  100
0  0.04  100
0  0.06  100
0  0.08  100
0  0.1  100
0  0.12  100
0  0.14  100
0  0.16  100
0  0.18  100
0  0.2  100
0  0.22  100
0  0.24  100
0  0.26  100
0  0.28  100
0  0.3  100
0  0.32  100
0  0.34  100
0  0.36  100
0  0.38  100
0  0.4  100
0  0.42  100
0  0.44  100
0  0.46  100
0  0.48  100
0  0.5  100
0  0.52  100
0  0.54  100
0  0.56  100
0  0.58  100
0  0.6  100
0  0.62  100
0  0.64  100
0  0.66  100
0  0.68  100
0  0.7  100
0  0.72  100
0  0.74  100
0  0.76  100
0  0.78  100
0  0.8  100
0  0.82  100
0  0.84  100
0  0.86  100
0  0.88  100
0  0.9  100
0  0.92  100
0  0.94  100
0  0.96  100
0  0.98  100

0.02  0  0
0.02  0.02  49.9532
0.02  0.04  69.6716
0.02  0.06  78.9203
0.02  0.08  83.9622
0.02  0.1  87.0512
0.02  0.12  89.1123
0.02  0.14  90.5747
0.02  0.16  91.6599
0.02  0.18  92.4923
0.02  0.2  93.147
0.02  0.22  93.672
0.02  0.24  94.0991
0.02  0.26  94.4503
0.02  0.28  94.7414
0.02  0.3  94.9835
0.02  0.32  95.1854
0.02  0.34  95.3532
0.02  0.36  95.4919
0.02  0.38  95.6052
0.02  0.4  95.6959
0.02  0.42  95.7661
0.02  0.44  95.8175
0.02  0.46  95.8512
0.02  0.48  95.8679
0.02  0.5  95.8679
0.02  0.52  95.8513
0.02  0.54  95.8177
0.02  0.56  95.7664
0.02  0.58  95.6962
0.02  0.6  95.6055
0.02  0.62  95.4923
0.02  0.64  95.3537
0.02  0.66  95.1859
0.02  0.68  94.9841
0.02  0.7  94.742
0.02  0.72  94.451
0.02  0.74  94.0998
0.02  0.76  93.6727
0.02  0.78  93.1477
0.02  0.8  92.4929
0.02  0.82  91.6605
0.02  0.84  90.5753
0.02  0.86  89.1128
0.02  0.88  87.0517
0.02  0.9  83.9626
0.02  0.92  78.9206
0.02  0.94  69.6718
0.02  0.96  49.9533
0.02  0.98  0

0.04  0  0
0.04  0.02  30.1413
0.04  0.04  49.8129
0.04  0.06  62.0474
0.04  0.08  69.8773
0.04  0.1  75.1304
0.04  0.12  78.8234
0.04  0.14  81.5269
0.04  0.16  83.5726
0.04  0.18  85.1623
0.04  0.2  86.424
0.04  0.22  87.4421
0.04  0.24  88.2743
0.04  0.26  88.9611
0.04  0.28  89.5317
0.04  0.3  90.0076
0.04  0.32  90.4049
0.04  0.34  90.7357
0.04  0.36  91.0094
0.04  0.38  91.2331
0.04  0.4  91.4124
0.04  0.42  91.5513
0.04  0.44  91.653
0.04  0.46  91.7196
0.04  0.48  91.7527
0.04  0.5  91.7527
0.04  0.52  91.7199
0.04  0.54  91.6533
0.04  0.56  91.5518
0.04  0.58  91.413
0.04  0.6  91.2339
0.04  0.62  91.0103
0.04  0.64  90.7367
0.04  0.66  90.406
0.04  0.68  90.0087
0.04  0.7  89.5329
0.04  0.72  88.9623
0.04  0.74  88.2755
0.04  0.76  87.4434
0.04  0.78  86.4252
0.04  0.8  85.1635
0.04  0.82  83.5738
0.04  0.84  81.528
0.04  0.86  78.8244
0.04  0.88  75.1313
0.04  0.9  69.8781
0.04  0.92  62.048
0.04  0.94  49.8133
0.04  0.96  30.1415
0.04  0.98  0

0.06  0  0
0.06  0.02  20.799
0.06  0.04  37.3913
0.06  0.06  49.5791
0.06  0.08  58.3695
0.06  0.1  64.7698
0.06  0.12  69.5243
0.06  0.14  73.1369
0.06  0.16  75.9415
0.06  0.18  78.1605
0.06  0.2  79.9447
0.06  0.22  81.3983
0.06  0.24  82.5951
0.06  0.26  83.5883
0.06  0.28  84.4171
0.06  0.3  85.1106
0.06  0.32  85.6912
0.06  0.34  86.1757
0.06  0.36  86.5773
0.06  0.38  86.9059
0.06  0.4  87.1696
0.06  0.42  87.374
0.06  0.44  87.5238
0.06  0.46  87.6221
0.06  0.48  87.6707
0.06  0.5  87.6709
0.06  0.52  87.6224
0.06  0.54  87.5244
0.06  0.56  87.3748
0.06  0.58  87.1705
0.06  0.6  86.9071
0.06  0.62  86.5785
0.06  0.64  86.1772
0.06  0.66  85.6928
0.06  0.68  85.1123
0.06  0.7  84.4188
0.06  0.72  83.5901
0.06  0.74  82.597
0.06  0.76  81.4002
0.06  0.78  79.9466
0.06  0.8  78.1624
0.06  0.82  75.9433
0.06  0.84  73.1385
0.06  0.86  69.5258
0.06  0.88  64.7711
0.06  0.9  58.3707
0.06  0.92  49.58
0.06  0.94  37.3919
0.06  0.96  20.7994
0.06  0.98  0

0.08  0  0
0.08  0.02  15.6636
0.08  0.04  29.3744
0.08  0.06  40.5082
0.08  0.08  49.252
0.08  0.1  56.0552
0.08  0.12  61.3672
0.08  0.14  65.5552
0.08  0.16  68.8963
0.08  0.18  71.5939
0.08  0.2  73.7963
0.08  0.22  75.6117
0.08  0.24  77.1199
0.08  0.26  78.3803
0.08  0.28  79.438
0.08  0.3  80.3271
0.08  0.32  81.074
0.08  0.34  81.6991
0.08  0.36  82.2184
0.08  0.38  82.6443
0.08  0.4  82.9864
0.08  0.42  83.252
0.08  0.44  83.4468
0.08  0.46  83.5746
0.08  0.48  83.6379
0.08  0.5  83.6381
0.08  0.52  83.575
0.08  0.54  83.4475
0.08  0.56  83.253
0.08  0.58  82.9876
0.08  0.6  82.6458
0.08  0.62  82.2201
0.08  0.64  81.7011
0.08  0.66  81.0761
0.08  0.68  80.3293
0.08  0.7  79.4404
0.08  0.72  78.3828
0.08  0.74  77.1224
0.08  0.76  75.6142
0.08  0.78  73.7988
0.08  0.8  71.5964
0.08  0.82  68.8986
0.08  0.84  65.5573
0.08  0.86  61.3692
0.08  0.88  56.0569
0.08  0.9  49.2535
0.08  0.92  40.5094
0.08  0.94  29.3752
0.08  0.96  15.664
0.08  0.98  0

0.1  0  0
0.1  0.02  12.4811
0.1  0.04  23.9344
0.1  0.06  33.8277
0.1  0.08  42.0753
0.1  0.1  48.8318
0.1  0.12  54.3346
0.1  0.14  58.8206
0.1  0.16  62.4948
0.1  0.18  65.523
0.1  0.2  68.0354
0.1  0.22  70.1328
0.1  0.24  71.8928
0.1  0.26  73.3757
0.1  0.28  74.628
0.1  0.3  75.6863
0.1  0.32  76.5791
0.1  0.34  77.329
0.1  0.36  77.9536
0.1  0.38  78.4671
0.1  0.4  78.8802
0.1  0.42  79.2015
0.1  0.44  79.4373
0.1  0.46  79.5921
0.1  0.48  79.6689
0.1  0.5  79.6691
0.1  0.52  79.5927
0.1  0.54  79.4382
0.1  0.56  79.2027
0.1  0.58  78.8817
0.1  0.6  78.4689
0.1  0.62  77.9558
0.1  0.64  77.3314
0.1  0.66  76.5817
0.1  0.68  75.6891
0.1  0.7  74.631
0.1  0.72  73.3787
0.1  0.74  71.8959
0.1  0.76  70.1359
0.1  0.78  68.0385
0.1  0.8  65.526
0.1  0.82  62.4977
0.1  0.84  58.8233
0.1  0.86  54.337
0.1  0.88  48.834
0.1  0.9  42.0771
0.1  0.92  33.8291
0.1  0.94  23.9354
0.1  0.96  12.4816
0.1  0.98  0

0.12  0  0
0.12  0.02  10.3265
0.12  0.04  20.0544
0.12  0.06  28.793
0.12  0.08  36.3898
0.12  0.1  42.8627
0.12  0.12  48.3189
0.12  0.14  52.8981
0.12  0.16  56.7397
0.12  0.18  59.9684
0.12  0.2  62.6901
0.12  0.22  64.9917
0.12  0.24  66.9435
0.12  0.26  68.6021
0.12  0.28  70.0128
0.12  0.3  71.2117
0.12  0.32  72.228
0.12  0.34  73.0848
0.12  0.36  73.8008
0.12  0.38  74.3909
0.12  0.4  74.8666
0.12  0.42  75.2372
0.12  0.44  75.5096
0.12  0.46  75.6885
0.12  0.48  75.7773
0.12  0.5  75.7775
0.12  0.52  75.6892
0.12  0.54  75.5106
0.12  0.56  75.2387
0.12  0.58  74.8685
0.12  0.6  74.3931
0.12  0.62  73.8033
0.12  0.64  73.0876
0.12  0.66  72.231
0.12  0.68  71.215
0.12  0.7  70.0162
0.12  0.72  68.6057
0.12  0.74  66.9472
0.12  0.76  64.9954
0.12  0.78  62.6938
0.12  0.8  59.972
0.12  0.82  56.7431
0.12  0.84  52.9014
0.12  0.86  48.3219
0.12  0.88  42.8653
0.12  0.9  36.392
0.12  0.92  28.7947
0.12  0.94  20.0557
0.12  0.96  10.3272
0.12  0.98  0

0.14  0  0
0.14  0.02  8.77062
0.14  0.04  17.1641
0.14  0.06  24.9001
0.14  0.08  31.8285
0.14  0.1  37.9104
0.14  0.12  43.1808
0.14  0.14  47.7138
0.14  0.16  51.5978
0.14  0.18  54.9213
0.14  0.2  57.7654
0.14  0.22  60.201
0.14  0.24  62.2881
0.14  0.26  64.0772
0.14  0.28  65.61
0.14  0.3  66.9205
0.14  0.32  68.037
0.14  0.34  68.9822
0.14  0.36  69.7748
0.14  0.38  70.4298
0.14  0.4  70.9591
0.14  0.42  71.3722
0.14  0.44  71.6761
0.14  0.46  71.876
0.14  0.48  71.9753
0.14  0.5  71.9755
0.14  0.52  71.8767
0.14  0.54  71.6773
0.14  0.56  71.3738
0.14  0.58  70.9612
0.14  0.6  70.4323
0.14  0.62  69.7777
0.14  0.64  68.9855
0.14  0.66  68.0405
0.14  0.68  66.9243
0.14  0.7  65.614
0.14  0.72  64.0814
0.14  0.74  62.2924
0.14  0.76  60.2052
0.14  0.78  57.7697
0.14  0.8  54.9255
0.14  0.82  51.6018
0.14  0.84  47.7175
0.14  0.86  43.1842
0.14  0.88  37.9134
0.14  0.9  31.8311
0.14  0.92  24.9022
0.14  0.94  17.1655
0.14  0.96  8.77136
0.14  0.98  0

0.16  0  0
0.16  0.02  7.59196
0.16  0.04  14.9314
0.16  0.06  21.8152
0.16  0.08  28.114
0.16  0.1  33.77
0.16  0.12  38.7806
0.16  0.14  43.1789
0.16  0.16  47.017
0.16  0.18  50.3543
0.16  0.2  53.25
0.16  0.22  55.7593
0.16  0.24  57.9315
0.16  0.26  59.8096
0.16  0.28  61.4302
0.16  0.3  62.8243
0.16  0.32  64.0182
0.16  0.34  65.0332
0.16  0.36  65.8875
0.16  0.38  66.5954
0.16  0.4  67.1689
0.16  0.42  67.6173
0.16  0.44  67.9476
0.16  0.46  68.1652
0.16  0.48  68.2733
0.16  0.5  68.2735
0.16  0.52  68.166
0.16  0.54  67.949
0.16  0.56  67.6192
0.16  0.58  67.1713
0.16  0.6  66.5983
0.16  0.62  65.8907
0.16  0.64  65.0369
0.16  0.66  64.0222
0.16  0.68  62.8286
0.16  0.7  61.4347
0.16  0.72  59.8143
0.16  0.74  57.9363
0.16  0.76  55.7641
0.16  0.78  53.2548
0.16  0.8  50.359
0.16  0.82  47.0215
0.16  0.84  43.1831
0.16  0.86  38.7844
0.16  0.88  33.7734
0.16  0.9  28.1169
0.16  0.92  21.8175
0.16  0.94  14.933
0.16  0.96  7.59279
0.16  0.98  0

0.18  0  0
0.18  0.02  6.66592
0.18  0.04  13.1545
0.18  0.06  19.3157
0.18  0.08  25.0427
0.18  0.1  30.2753
0.18  0.12  34.9931
0.18  0.14  39.2048
0.18  0.16  42.9378
0.18  0.18  46.2296
0.18  0.2  49.1218
0.18  0.22  51.6556
0.18  0.24  53.87
0.18  0.26  55.8002
0.18  0.28  57.4777
0.18  0.3  58.9295
0.18  0.32  60.1791
0.18  0.34  61.2462
0.18  0.36  62.1474
0.18  0.38  62.8966
0.18  0.4  63.505
0.18  0.42  63.9815
0.18  0.44  64.3332
0.18  0.46  64.565
0.18  0.48  64.6802
0.18  0.5  64.6805
0.18  0.52  64.5659
0.18  0.54  64.3347
0.18  0.56  63.9836
0.18  0.58  63.5076
0.18  0.6  62.8998
0.18  0.62  62.1511
0.18  0.64  61.2503
0.18  0.66  60.1836
0.18  0.68  58.9343
0.18  0.7  57.4827
0.18  0.72  55.8055
0.18  0.74  53.8753
0.18  0.76  51.6609
0.18  0.78  49.1271
0.18  0.8  46.2348
0.18  0.82  42.9427
0.18  0.84  39.2094
0.18  0.86  34.9974
0.18  0.88  30.2791
0.18  0.9  25.0459
0.18  0.92  19.3182
0.18  0.94  13.1563
0.18  0.96  6.66684
0.18  0.98  0

0.2  0  0
0.2  0.02  5.91733
0.2  0.04  11.7053
0.2  0.06  17.2505
0.2  0.08  22.4661
0.2  0.1  27.296
0.2  0.12  31.7123
0.2  0.14  35.7099
0.2  0.16  39.3003
0.2  0.18  42.5053
0.2  0.2  45.3527
0.2  0.22  47.8721
0.2  0.24  50.0934
0.2  0.26  52.0447
0.2  0.28  53.7519
0.2  0.3  55.2381
0.2  0.32  56.5237
0.2  0.34  57.6262
0.2  0.36  58.5607
0.2  0.38  59.3399
0.2  0.4  59.9742
0.2  0.42  60.472
0.2  0.44  60.8399
0.2  0.46  61.0826
0.2  0.48  61.2034
0.2  0.5  61.2037
0.2  0.52  61.0836
0.2  0.54  60.8415
0.2  0.56  60.4743
0.2  0.58  59.977
0.2  0.6  59.3433
0.2  0.62  58.5647
0.2  0.64  57.6306
0.2  0.66  56.5285
0.2  0.68  55.2433
0.2  0.7  53.7574
0.2  0.72  52.0504
0.2  0.74  50.0993
0.2  0.76  47.878
0.2  0.78  45.3585
0.2  0.8  42.511
0.2  0.82  39.3057
0.2  0.84  35.715
0.2  0.86  31.7169
0.2  0.88  27.3001
0.2  0.9  22.4696
0.2  0.92  17.2532
0.2  0.94  11.7072
0.2  0.96  5.91834
0.2  0.98  0

0.22  0  0
0.22  0.02  5.29824
0.22  0.04  10.4991
0.22  0.06  15.5151
0.22  0.08  20.2757
0.22  0.1  24.7309
0.22  0.12  28.8507
0.22  0.14  32.6229
0.22  0.16  36.0489
0.22  0.18  39.1396
0.22  0.2  41.9124
0.22  0.22  44.3878
0.22  0.24  46.5879
0.22  0.26  48.5345
0.22  0.28  50.2483
0.22  0.3  51.7485
0.22  0.32  53.0525
0.22  0.34  54.1754
0.22  0.36  55.1306
0.22  0.38  55.9293
0.22  0.4  56.5812
0.22  0.42  57.0937
0.22  0.44  57.4731
0.22  0.46  57.7237
0.22  0.48  57.8484
0.22  0.5  57.8488
0.22  0.52  57.7247
0.22  0.54  57.4749
0.22  0.56  57.0962
0.22  0.58  56.5843
0.22  0.6  55.9331
0.22  0.62  55.1349
0.22  0.64  54.1802
0.22  0.66  53.0577
0.22  0.68  51.7542
0.22  0.7  50.2542
0.22  0.72  48.5406
0.22  0.74  46.5942
0.22  0.76  44.3942
0.22  0.78  41.9187
0.22  0.8  39.1457
0.22  0.82  36.0548
0.22  0.84  32.6284
0.22  0.86  28.8558
0.22  0.88  24.7353
0.22  0.9  20.2795
0.22  0.92  15.5181
0.22  0.94  10.5012
0.22  0.96  5.29933
0.22  0.98  0

0.24  0  0
0.24  0.02  4.77664
0.24  0.04  9.4781
0.24  0.06  14.0355
0.24  0.08  18.3912
0.24  0.1  22.5015
0.24  0.12  26.3374
0.24  0.14  29.883
0.24  0.16  33.1335
0.24  0.18  36.0927
0.24  0.2  38.7703
0.24  0.22  41.1799
0.24  0.24  43.337
0.24  0.26  45.2581
0.24  0.28  46.9595
0.24  0.3  48.4565
0.24  0.32  49.7636
0.24  0.34  50.8937
0.24  0.36  51.8583
0.24  0.38  52.6672
0.24  0.4  53.3289
0.24  0.42  53.8502
0.24  0.44  54.2365
0.24  0.46  54.492
0.24  0.48  54.6193
0.24  0.5  54.6197
0.24  0.52  54.4932
0.24  0.54  54.2384
0.24  0.56  53.8528
0.24  0.58  53.3322
0.24  0.6  52.6712
0.24  0.62  51.8629
0.24  0.64  50.8989
0.24  0.66  49.7693
0.24  0.68  48.4626
0.24  0.7  46.9658
0.24  0.72  45.2647
0.24  0.74  43.3438
0.24  0.76  41.1867
0.24  0.78  38.7771
0.24  0.8  36.0993
0.24  0.82  33.1398
0.24  0.84  29.8889
0.24  0.86  26.3428
0.24  0.88  22.5063
0.24  0.9  18.3952
0.24  0.92  14.0387
0.24  0.94  9.48034
0.24  0.96  4.77781
0.24  0.98  0

0.26  0  0
0.26  0.02  4.33037
0.26  0.04  8.60142
0.26  0.06  12.758
0.26  0.08  16.7525
0.26  0.1  20.5472
0.26  0.12  24.1151
0.26  0.14  27.4389
0.26  0.16  30.5103
0.26  0.18  33.3284
0.26  0.2  35.8974
0.26  0.22  38.2255
0.26  0.24  40.3233
0.26  0.26  42.2028
0.26  0.28  43.8762
0.26  0.3  45.3558
0.26  0.32  46.6532
0.26  0.34  47.7791
0.26  0.36  48.7432
0.26  0.38  49.5539
0.26  0.4  50.2185
0.26  0.42  50.7431
0.26  0.44  51.1325
0.26  0.46  51.3902
0.26  0.48  51.5187
0.26  0.5  51.5191
0.26  0.52  51.3914
0.26  0.54  51.1345
0.26  0.56  50.7459
0.26  0.58  50.2221
0.26  0.6  49.5581
0.26  0.62  48.7481
0.26  0.64  47.7846
0.26  0.66  46.6592
0.26  0.68  45.3622
0.26  0.7  43.883
0.26  0.72  42.2098
0.26  0.74  40.3305
0.26  0.76  38.2327
0.26  0.78  35.9045
0.26  0.8  33.3353
0.26  0.82  30.517
0.26  0.84  27.4451
0.26  0.86  24.1208
0.26  0.88  20.5523
0.26  0.9  16.7568
0.26  0.92  12.7613
0.26  0.94  8.60379
0.26  0.96  4.33162
0.26  0.98  0

0.28  0  0
0.28  0.02  3.94362
0.28  0.04  7.83952
0.28  0.06  11.6428
0.28  0.08  15.314
0.28  0.1  18.8205
0.28  0.12  22.1375
0.28  0.14  25.2478
0.28  0.16  28.1414
0.28  0.18  30.8141
0.28  0.2  33.2664
0.28  0.22  35.5026
0.28  0.24  37.5293
0.28  0.26  39.3548
0.28  0.28  40.9882
0.28  0.3  42.4388
0.28  0.32  43.7158
0.28  0.34  44.8279
0.28  0.36  45.783
0.28  0.38  46.5882
0.28  0.4  47.2498
0.28  0.42  47.7729
0.28  0.44  48.1617
0.28  0.46  48.4193
0.28  0.48  48.5478
0.28  0.5  48.5483
0.28  0.52  48.4206
0.28  0.54  48.1639
0.28  0.56  47.7759
0.28  0.58  47.2536
0.28  0.6  46.5927
0.28  0.62  45.7881
0.28  0.64  44.8337
0.28  0.66  43.7221
0.28  0.68  42.4456
0.28  0.7  40.9953
0.28  0.72  39.3622
0.28  0.74  37.5368
0.28  0.76  35.5102
0.28  0.78  33.2739
0.28  0.8  30.8214
0.28  0.82  28.1485
0.28  0.84  25.2544
0.28  0.86  22.1435
0.28  0.88  18.8258
0.28  0.9  15.3185
0.28  0.92  11.6464
0.28  0.94  7.84202
0.28  0.96  3.94492
0.28  0.98  0

0.3  0  0
0.3  0.02  3.60475
0.3  0.04  7.1705
0.3  0.06  10.6602
0.3  0.08  14.0407
0.3  0.1  17.2839
0.3  0.12  20.3673
0.3  0.14  23.2745
0.3  0.16  25.9944
0.3  0.18  28.5212
0.3  0.2  30.8527
0.3  0.22  32.9903
0.3  0.24  34.9378
0.3  0.26  36.7003
0.3  0.28  38.2844
0.3  0.3  39.6969
0.3  0.32  40.9449
0.3  0.34  42.0352
0.3  0.36  42.9743
0.3  0.38  43.768
0.3  0.4  44.4214
0.3  0.42  44.9389
0.3  0.44  45.324
0.3  0.46  45.5794
0.3  0.48  45.7069
0.3  0.5  45.7073
0.3  0.52  45.5807
0.3  0.54  45.3262
0.3  0.56  44.942
0.3  0.58  44.4253
0.3  0.6  43.7727
0.3  0.62  42.9797
0.3  0.64  42.0413
0.3  0.66  40.9515
0.3  0.68  39.704
0.3  0.7  38.2918
0.3  0.72  36.708
0.3  0.74  34.9457
0.3  0.76  32.9983
0.3  0.78  30.8606
0.3  0.8  28.5289
0.3  0.82  26.0018
0.3  0.84  23.2814
0.3  0.86  20.3736
0.3  0.88  17.2895
0.3  0.9  14.0455
0.3  0.92  10.664
0.3  0.94  7.17312
0.3  0.96  3.60612
0.3  0.98  0

0.32  0  0
0.32  0.02  3.30507
0.32  0.04  6.57782
0.32  0.06  9.78731
0.32  0.08  12.9054
0.32  0.1  15.9077
0.32  0.12  18.7741
0.32  0.14  21.4892
0.32  0.16  24.0417
0.32  0.18  26.4245
0.32  0.2  28.6341
0.32  0.22  30.6696
0.32  0.24  32.5325
0.32  0.26  34.2257
0.32  0.28  35.7537
0.32  0.3  37.1211
0.32  0.32  38.3333
0.32  0.34  39.3955
0.32  0.36  40.3128
0.32  0.38  41.0898
0.32  0.4  41.7306
0.32  0.42  42.239
0.32  0.44  42.6178
0.32  0.46  42.8692
0.32  0.48  42.9948
0.32  0.5  42.9952
0.32  0.52  42.8706
0.32  0.54  42.6201
0.32  0.56  42.2422
0.32  0.58  41.7347
0.32  0.6  41.0946
0.32  0.62  40.3184
0.32  0.64  39.4018
0.32  0.66  38.3402
0.32  0.68  37.1285
0.32  0.7  35.7614
0.32  0.72  34.2338
0.32  0.74  32.5407
0.32  0.76  30.6779
0.32  0.78  28.6423
0.32  0.8  26.4325
0.32  0.82  24.0493
0.32  0.84  21.4963
0.32  0.86  18.7807
0.32  0.88  15.9135
0.32  0.9  12.9103
0.32  0.92  9.7912
0.32  0.94  6.58054
0.32  0.96  3.3065
0.32  0.98  0

0.34  0  0
0.34  0.02  3.03792
0.34  0.04  6.0487
0.34  0.06  9.00623
0.34  0.08  11.8864
0.34  0.1  14.6681
0.34  0.12  17.3332
0.34  0.14  19.8673
0.34  0.16  22.2596
0.34  0.18  24.5023
0.34  0.2  26.5908
0.34  0.22  28.5229
0.34  0.24  30.2981
0.34  0.26  31.918
0.34  0.28  33.385
0.34  0.3  34.7022
0.34  0.32  35.8735
0.34  0.34  36.9026
0.34  0.36  37.7934
0.34  0.38  38.5495
0.34  0.4  39.1743
0.34  0.42  39.6706
0.34  0.44  40.0408
0.34  0.46  40.2868
0.34  0.48  40.4097
0.34  0.5  40.4102
0.34  0.52  40.2882
0.34  0.54  40.0432
0.34  0.56  39.6739
0.34  0.58  39.1785
0.34  0.6  38.5546
0.34  0.62  37.7992
0.34  0.64  36.9091
0.34  0.66  35.8806
0.34  0.68  34.7098
0.34  0.7  33.393
0.34  0.72  31.9263
0.34  0.74  30.3066
0.34  0.76  28.5314
0.34  0.78  26.5993
0.34  0.8  24.5106
0.34  0.82  22.2675
0.34  0.84  19.8747
0.34  0.86  17.34
0.34  0.88  14.6741
0.34  0.9  11.8915
0.34  0.92  9.01025
0.34  0.94  6.05152
0.34  0.96  3.03939
0.34  0.98  0

0.36  0  0
0.36  0.02  2.7981
0.36  0.04  5.57317
0.36  0.06  8.30293
0.36  0.08  10.9666
0.36  0.1  13.5457
0.36  0.12  16.024
0.36  0.14  18.3883
0.36  0.16  20.6281
0.36  0.18  22.7356
0.36  0.2  24.7054
0.36  0.22  26.5342
0.36  0.24  28.2207
0.36  0.26  29.7648
0.36  0.28  31.1676
0.36  0.3  32.431
0.36  0.32  33.5575
0.36  0.34  34.5497
0.36  0.36  35.4105
0.36  0.38  36.1425
0.36  0.4  36.7484
0.36  0.42  37.2303
0.36  0.44  37.5901
0.36  0.46  37.8294
0.36  0.48  37.949
0.36  0.5  37.9495
0.36  0.52  37.8309
0.36  0.54  37.5926
0.36  0.56  37.2337
0.36  0.58  36.7527
0.36  0.6  36.1477
0.36  0.62  35.4165
0.36  0.64  34.5564
0.36  0.66  33.5648
0.36  0.68  32.4389
0.36  0.7  31.1759
0.36  0.72  29.7734
0.36  0.74  28.2294
0.36  0.76  26.543
0.36  0.78  24.7141
0.36  0.8  22.7441
0.36  0.82  20.6362
0.36  0.84  18.3959
0.36  0.86  16.031
0.36  0.88  13.5518
0.36  0.9  10.9719
0.36  0.92  8.30707
0.36  0.94  5.57607
0.36  0.96  2.79962
0.36  0.98  0

0.38  0  0
0.38  0.02  2.58152
0.38  0.04  5.14331
0.38  0.06  7.66616
0.38  0.08  10.1321
0.38  0.1  12.5247
0.38  0.12  14.8297
0.38  0.14  17.0347
0.38  0.16  19.13
0.38  0.18  21.1077
0.38  0.2  22.9621
0.38  0.22  24.6893
0.38  0.24  26.2871
0.38  0.26  27.7544
0.38  0.28  29.0913
0.38  0.3  30.2986
0.38  0.32  31.3776
0.38  0.34  32.3302
0.38  0.36  33.1582
0.38  0.38  33.8637
0.38  0.4  34.4484
0.38  0.42  34.914
0.38  0.44  35.2621
0.38  0.46  35.4937
0.38  0.48  35.6095
0.38  0.5  35.61
0.38  0.52  35.4952
0.38  0.54  35.2646
0.38  0.56  34.9175
0.38  0.58  34.4528
0.38  0.6  33.869
0.38  0.62  33.1644
0.38  0.64  32.3371
0.38  0.66  31.3851
0.38  0.68  30.3066
0.38  0.7  29.0997
0.38  0.72  27.7632
0.38  0.74  26.2961
0.38  0.76  24.6984
0.38  0.78  22.971
0.38  0.8  21.1164
0.38  0.82  19.1384
0.38  0.84  17.0426
0.38  0.86  14.8368
0.38  0.88  12.531
0.38  0.9  10.1375
0.38  0.92  7.6704
0.38  0.94  5.14627
0.38  0.96  2.58307
0.38  0.98  0

0.4  0  0
0.4  0.02  2.38489
0.4  0.04  4.75271
0.4  0.06  7.08682
0.4  0.08  9.37146
0.4  0.1  11.5922
0.4  0.12  13.7361
0.4  0.14  15.792
0.4  0.16  17.7506
0.4  0.18  19.6043
0.4  0.2  21.3474
0.4  0.22  22.9754
0.4  0.24  24.4855
0.4  0.26  25.8761
0.4  0.28  27.1463
0.4  0.3  28.2961
0.4  0.32  29.326
0.4  0.34  30.2371
0.4  0.36  31.0305
0.4  0.38  31.7075
0.4  0.4  32.2694
0.4  0.42  32.7174
0.4  0.44  33.0526
0.4  0.46  33.2757
0.4  0.48  33.3874
0.4  0.5  33.388
0.4  0.52  33.2773
0.4  0.54  33.0552
0.4  0.56  32.721
0.4  0.58  32.274
0.4  0.6  31.713
0.4  0.62  31.0368
0.4  0.64  30.2441
0.4  0.66  29.3337
0.4  0.68  28.3043
0.4  0.7  27.1549
0.4  0.72  25.885
0.4  0.74  24.4947
0.4  0.76  22.9846
0.4  0.78  21.3565
0.4  0.8  19.6132
0.4  0.82  17.7591
0.4  0.84  15.8
0.4  0.86  13.7434
0.4  0.88  11.5986
0.4  0.9  9.37693
0.4  0.92  7.09114
0.4  0.94  4.75574
0.4  0.96  2.38647
0.4  0.98  0

0.42  0  0
0.42  0.02  2.20552
0.42  0.04  4.39619
0.42  0.06  6.55743
0.42  0.08  8.67539
0.42  0.1  10.7372
0.42  0.12  12.7314
0.42  0.14  14.6476
0.42  0.16  16.4772
0.42  0.18  18.2129
0.42  0.2  19.8489
0.42  0.22  21.3808
0.42  0.24  22.8052
0.42  0.26  24.1198
0.42  0.28  25.3234
0.42  0.3  26.4152
0.42  0.32  27.3952
0.42  0.34  28.2637
0.42  0.36  29.0212
0.42  0.38  29.6685
0.42  0.4  30.2065
0.42  0.42  30.6358
0.42  0.44  30.9573
0.42  0.46  31.1714
0.42  0.48  31.2787
0.42  0.5  31.2792
0.42  0.52  31.173
0.42  0.54  30.9599
0.42  0.56  30.6394
0.42  0.58  30.2111
0.42  0.6  29.674
0.42  0.62  29.0276
0.42  0.64  28.2708
0.42  0.66  27.403
0.42  0.68  26.4235
0.42  0.7  25.3321
0.42  0.72  24.1289
0.42  0.74  22.8144
0.42  0.76  21.3901
0.42  0.78  19.8582
0.42  0.8  18.2219
0.42  0.82  16.4859
0.42  0.84  14.6557
0.42  0.86  12.7388
0.42  0.88  10.7438
0.42  0.9  8.68094
0.42  0.92  6.56181
0.42  0.94  4.39926
0.42  0.96  2.20713
0.42  0.98  0

0.44  0  0
0.44  0.02  2.04124
0.44  0.04  4.06945
0.44  0.06  6.07181
0.44  0.08  8.03607
0.44  0.1  9.95078
0.44  0.12  11.8055
0.44  0.14  13.5909
0.44  0.16  15.2989
0.44  0.18  16.9225
0.44  0.2  18.4561
0.44  0.22  19.8951
0.44  0.24  21.2361
0.44  0.26  22.4763
0.44  0.28  23.614
0.44  0.3  24.6481
0.44  0.32  25.5778
0.44  0.34  26.4032
0.44  0.36  27.1241
0.44  0.38  27.741
0.44  0.4  28.2542
0.44  0.42  28.6642
0.44  0.44  28.9714
0.44  0.46  29.1761
0.44  0.48  29.2787
0.44  0.5  29.2793
0.44  0.52  29.1777
0.44  0.54  28.974
0.44  0.56  28.6679
0.44  0.58  28.2588
0.44  0.6  27.7466
0.44  0.62  27.1305
0.44  0.64  26.4103
0.44  0.66  25.5857
0.44  0.68  24.6565
0.44  0.7  23.6228
0.44  0.72  22.4855
0.44  0.74  21.2454
0.44  0.76  19.9046
0.44  0.78  18.4654
0.44  0.8  16.9316
0.44  0.82  15.3076
0.44  0.84  13.5991
0.44  0.86  11.813
0.44  0.88  9.95741
0.44  0.9  8.04167
0.44  0.92  6.07624
0.44  0.94  4.07255
0.44  0.96  2.04287
0.44  0.98  0

0.46  0  0
0.46  0.02  1.89021
0.46  0.04  3.76892
0.46  0.06  5.62479
0.46  0.08  7.44693
0.46  0.1  9.22509
0.46  0.12  10.9498
0.46  0.14  12.6127
0.46  0.16  14.206
0.46  0.18  15.7234
0.46  0.2  17.1592
0.46  0.22  18.5091
0.46  0.24  19.7693
0.46  0.26  20.9369
0.46  0.28  22.01
0.46  0.3  22.987
0.46  0.32  23.8669
0.46  0.34  24.649
0.46  0.36  25.3331
0.46  0.38  25.9192
0.46  0.4  26.4073
0.46  0.42  26.7975
0.46  0.44  27.0901
0.46  0.46  27.2852
0.46  0.48  27.383
0.46  0.5  27.3835
0.46  0.52  27.2868
0.46  0.54  27.0927
0.46  0.56  26.8012
0.46  0.58  26.4119
0.46  0.6  25.9248
0.46  0.62  25.3396
0.46  0.64  24.6562
0.46  0.66  23.8747
0.46  0.68  22.9955
0.46  0.7  22.0189
0.46  0.72  20.9462
0.46  0.74  19.7787
0.46  0.76  18.5186
0.46  0.78  17.1686
0.46  0.8  15.7325
0.46  0.82  14.2148
0.46  0.84  12.6209
0.46  0.86  10.9574
0.46  0.88  9.23176
0.46  0.9  7.45257
0.46  0.92  5.62925
0.46  0.94  3.77204
0.46  0.96  1.89184
0.46  0.98  0

0.48  0  0
0.48  0.02  1.7509
0.48  0.04  3.4916
0.48  0.06  5.21201
0.48  0.08  6.90241
0.48  0.1  8.5536
0.48  0.12  10.157
0.48  0.14  11.7049
0.48  0.16  13.1903
0.48  0.18  14.607
0.48  0.2  15.9498
0.48  0.22  17.2142
0.48  0.24  18.3965
0.48  0.26  19.4939
0.48  0.28  20.504
0.48  0.3  21.4249
0.48  0.32  22.2555
0.48  0.34  22.9948
0.48  0.36  23.6423
0.48  0.38  24.1975
0.48  0.4  24.6603
0.48  0.42  25.0306
0.48  0.44  25.3084
0.48  0.46  25.4938
0.48  0.48  25.5867
0.48  0.5  25.5872
0.48  0.52  25.4954
0.48  0.54  25.3111
0.48  0.56  25.0343
0.48  0.58  24.665
0.48  0.6  24.2031
0.48  0.62  23.6487
0.48  0.64  23.0021
0.48  0.66  22.2634
0.48  0.68  21.4334
0.48  0.7  20.5129
0.48  0.72  19.5032
0.48  0.74  18.406
0.48  0.76  17.2237
0.48  0.78  15.9592
0.48  0.8  14.6162
0.48  0.82  13.1991
0.48  0.84  11.7132
0.48  0.86  10.1646
0.48  0.88  8.56028
0.48  0.9  6.90806
0.48  0.92  5.21648
0.48  0.94  3.49472
0.48  0.96  1.75254
0.48  0.98  0

0.5  0  0
0.5  0.02  1.62201
0.5  0.04  3.23492
0.5  0.06  4.82974
0.5  0.08  6.39775
0.5  0.1  7.93065
0.5  0.12  9.4207
0.5  0.14  10.8608
0.5  0.16  12.2444
0.5  0.18  13.5658
0.5  0.2  14.8201
0.5  0.22  16.0028
0.5  0.24  17.1104
0.5  0.26  18.1399
0.5  0.28  19.0887
0.5  0.3  19.9551
0.5  0.32  20.7374
0.5  0.34  21.4345
0.5  0.36  22.0457
0.5  0.38  22.5703
0.5  0.4  23.0079
0.5  0.42  23.3583
0.5  0.44  23.6213
0.5  0.46  23.7969
0.5  0.48  23.885
0.5  0.5  23.8855
0.5  0.52  23.7985
0.5  0.54  23.624
0.5  0.56  23.362
0.5  0.58  23.0126
0.5  0.6  22.5759
0.5  0.62  22.0521
0.5  0.64  21.4417
0.5  0.66  20.7453
0.5  0.68  19.9635
0.5  0.7  19.0976
0.5  0.72  18.1491
0.5  0.74  17.1199
0.5  0.76  16.0123
0.5  0.78  14.8295
0.5  0.8  13.575
0.5  0.82  12.2532
0.5  0.84  10.869
0.5  0.86  9.42822
0.5  0.88  7.93731
0.5  0.9  6.40339
0.5  0.92  4.8342
0.5  0.94  3.23804
0.5  0.96  1.62364
0.5  0.98  0

0.52  0  0
0.52  0.02  1.50242
0.52  0.04  2.99671
0.52  0.06  4.47479
0.52  0.08  5.92883
0.52  0.1  7.35133
0.52  0.12  8.73525
0.52  0.14  10.0741
0.52  0.16  11.3618
0.52  0.18  12.5931
0.52  0.2  13.7633
0.52  0.22  14.8681
0.52  0.24  15.9041
0.52  0.26  16.8681
0.52  0.28  17.7578
0.52  0.3  18.5711
0.52  0.32  19.3063
0.52  0.34  19.9622
0.52  0.36  20.5377
0.52  0.38  21.0321
0.52  0.4  21.4448
0.52  0.42  21.7755
0.52  0.44  22.0239
0.52  0.46  22.1898
0.52  0.48  22.273
0.52  0.5  22.2735
0.52  0.52  22.1914
0.52  0.54  22.0266
0.52  0.56  21.7792
0.52  0.58  21.4495
0.52  0.6  21.0377
0.52  0.62  20.5441
0.52  0.64  19.9693
0.52  0.66  19.3141
0.52  0.68  18.5795
0.52  0.7  17.7667
0.52  0.72  16.8773
0.52  0.74  15.9134
0.52  0.76  14.8775
0.52  0.78  13.7726
0.52  0.8  12.6023
0.52  0.82  11.3705
0.52  0.84  10.0823
0.52  0.86  8.74273
0.52  0.88  7.35795
0.52  0.9  5.93443
0.52  0.92  4.47922
0.52  0.94  2.99981
0.52  0.96  1.50404
0.52  0.98  0

0.54  0  0
0.54  0.02  1.39118
0.54  0.04  2.77507
0.54  0.06  4.14439
0.54  0.08  5.49208
0.54  0.1  6.81136
0.54  0.12  8.09582
0.54  0.14  9.33948
0.54  0.16  10.5368
0.54  0.18  11.6829
0.54  0.2  12.7732
0.54  0.22  13.8038
0.54  0.24  14.7712
0.54  0.26  15.6725
0.54  0.28  16.5051
0.54  0.3  17.267
0.54  0.32  17.9565
0.54  0.34  18.5721
0.54  0.36  19.1128
0.54  0.38  19.5776
0.54  0.4  19.9659
0.54  0.42  20.2772
0.54  0.44  20.5111
0.54  0.46  20.6674
0.54  0.48  20.7458
0.54  0.5  20.7463
0.54  0.52  20.669
0.54  0.54  20.5138
0.54  0.56  20.2809
0.54  0.58  19.9705
0.54  0.6  19.5831
0.54  0.62  19.1191
0.54  0.64  18.5792
0.54  0.66  17.9643
0.54  0.68  17.2753
0.54  0.7  16.5139
0.54  0.72  15.6815
0.54  0.74  14.7804
0.54  0.76  13.8131
0.54  0.78  12.7824
0.54  0.8  11.6919
0.54  0.82  10.5455
0.54  0.84  9.34758
0.54  0.86  8.10322
0.54  0.88  6.81791
0.54  0.9  5.49762
0.54  0.92  4.14877
0.54  0.94  2.77814
0.54  0.96  1.39279
0.54  0.98  0

0.56  0  0
0.56  0.02  1.28745
0.56  0.04  2.56834
0.56  0.06  3.83611
0.56  0.08  5.08436
0.56  0.1  6.30697
0.56  0.12  7.49807
0.56  0.14  8.65221
0.56  0.16  9.76429
0.56  0.18  10.8297
0.56  0.2  11.8442
0.56  0.22  12.804
0.56  0.24  13.706
0.56  0.26  14.547
0.56  0.28  15.3248
0.56  0.3  16.0372
0.56  0.32  16.6824
0.56  0.34  17.259
0.56  0.36  17.7658
0.56  0.38  18.2017
0.56  0.4  18.5661
0.56  0.42  18.8584
0.56  0.44  19.0781
0.56  0.46  19.2249
0.56  0.48  19.2986
0.56  0.5  19.2992
0.56  0.52  19.2265
0.56  0.54  19.0807
0.56  0.56  18.862
0.56  0.58  18.5707
0.56  0.6  18.2071
0.56  0.62  17.772
0.56  0.64  17.266
0.56  0.66  16.6901
0.56  0.68  16.0454
0.56  0.7  15.3335
0.56  0.72  14.556
0.56  0.74  13.7151
0.56  0.76  12.8132
0.56  0.78  11.8533
0.56  0.8  10.8386
0.56  0.82  9.7728
0.56  0.84  8.66019
0.56  0.86  7.50537
0.56  0.88  6.31342
0.56  0.9  5.08983
0.56  0.92  3.84043
0.56  0.94  2.57137
0.56  0.96  1.28904
0.56  0.98  0

0.58  0  0
0.58  0.02  1.1905
0.58  0.04  2.37509
0.58  0.06  3.54782
0.58  0.08  4.70293
0.58  0.1  5.83482
0.58  0.12  6.93818
0.58  0.14  8.00798
0.58  0.16  9.03956
0.58  0.18  10.0286
0.58  0.2  10.9711
0.58  0.22  11.8637
0.58  0.24  12.7031
0.58  0.26  13.4866
0.58  0.28  14.2117
0.58  0.3  14.8764
0.58  0.32  15.4788
0.58  0.34  16.0176
0.58  0.36  16.4915
0.58  0.38  16.8994
0.58  0.4  17.2405
0.58  0.42  17.5142
0.58  0.44  17.7201
0.58  0.46  17.8576
0.58  0.48  17.9267
0.58  0.5  17.9273
0.58  0.52  17.8592
0.58  0.54  17.7226
0.58  0.56  17.5177
0.58  0.58  17.2449
0.58  0.6  16.9047
0.58  0.62  16.4976
0.58  0.64  16.0245
0.58  0.66  15.4863
0.58  0.68  14.8844
0.58  0.7  14.2201
0.58  0.72  13.4953
0.58  0.74  12.7121
0.58  0.76  11.8727
0.58  0.78  10.9801
0.58  0.8  10.0373
0.58  0.82  9.0479
0.58  0.84  8.01581
0.58  0.86  6.94534
0.58  0.88  5.84116
0.58  0.9  4.70829
0.58  0.92  3.55206
0.58  0.94  2.37805
0.58  0.96  1.19206
0.58  0.98  0

0.6  0  0
0.6  0.02  1.09968
0.6  0.04  2.19402
0.6  0.06  3.27764
0.6  0.08  4.34531
0.6  0.1  5.39195
0.6  0.12  6.4127
0.6  0.14  7.40297
0.6  0.16  8.35846
0.6  0.18  9.27516
0.6  0.2  10.1494
0.6  0.22  10.9779
0.6  0.24  11.7577
0.6  0.26  12.486
0.6  0.28  13.1606
0.6  0.3  13.7795
0.6  0.32  14.3408
0.6  0.34  14.843
0.6  0.36  15.285
0.6  0.38  15.6657
0.6  0.4  15.9843
0.6  0.42  16.24
0.6  0.44  16.4323
0.6  0.46  16.5609
0.6  0.48  16.6255
0.6  0.5  16.626
0.6  0.52  16.5624
0.6  0.54  16.4348
0.6  0.56  16.2434
0.6  0.58  15.9886
0.6  0.6  15.6709
0.6  0.62  15.291
0.6  0.64  14.8497
0.6  0.66  14.3481
0.6  0.68  13.7873
0.6  0.7  13.1689
0.6  0.72  12.4946
0.6  0.74  11.7664
0.6  0.76  10.9867
0.6  0.78  10.1582
0.6  0.8  9.28368
0.6  0.82  8.36661
0.6  0.84  7.41062
0.6  0.86  6.41969
0.6  0.88  5.39813
0.6  0.9  4.35054
0.6  0.92  3.28178
0.6  0.94  2.19692
0.6  0.96  1.1012
0.6  0.98  0

0.62  0  0
0.62  0.02  1.01442
0.62  0.04  2.02399
0.62  0.06  3.02388
0.62  0.08  4.00931
0.62  0.1  4.97567
0.62  0.12  5.91854
0.62  0.14  6.8337
0.62  0.16  7.71721
0.62  0.18  8.56536
0.62  0.2  9.37475
0.62  0.22  10.1423
0.62  0.24  10.8651
0.62  0.26  11.5408
0.62  0.28  12.167
0.62  0.3  12.7418
0.62  0.32  13.2634
0.62  0.34  13.7305
0.62  0.36  14.1418
0.62  0.38  14.4962
0.62  0.4  14.7928
0.62  0.42  15.031
0.62  0.44  15.2102
0.62  0.46  15.3301
0.62  0.48  15.3903
0.62  0.5  15.3908
0.62  0.52  15.3316
0.62  0.54  15.2126
0.62  0.56  15.0343
0.62  0.58  14.797
0.62  0.6  14.5012
0.62  0.62  14.1476
0.62  0.64  13.7371
0.62  0.66  13.2706
0.62  0.68  12.7494
0.62  0.7  12.175
0.62  0.72  11.5491
0.62  0.74  10.8736
0.62  0.76  10.1508
0.62  0.78  9.38324
0.62  0.8  8.57363
0.62  0.82  7.72513
0.62  0.84  6.84114
0.62  0.86  5.92534
0.62  0.88  4.98169
0.62  0.9  4.0144
0.62  0.92  3.0279
0.62  0.94  2.02681
0.62  0.96  1.01589
0.62  0.98  0

0.64  0  0
0.64  0.02  0.934184
0.64  0.04  1.86399
0.64  0.06  2.78501
0.64  0.08  3.69294
0.64  0.1  4.58358
0.64  0.12  5.45289
0.64  0.14  6.29702
0.64  0.16  7.11234
0.64  0.18  7.89545
0.64  0.2  8.64318
0.64  0.22  9.35264
0.64  0.24  10.0212
0.64  0.26  10.6465
0.64  0.28  11.2263
0.64  0.3  11.7588
0.64  0.32  12.2424
0.64  0.34  12.6756
0.64  0.36  13.0572
0.64  0.38  13.3862
0.64  0.4  13.6617
0.64  0.42  13.8829
0.64  0.44  14.0495
0.64  0.46  14.1609
0.64  0.48  14.2169
0.64  0.5  14.2173
0.64  0.52  14.1623
0.64  0.54  14.0518
0.64  0.56  13.8862
0.64  0.58  13.6657
0.64  0.6  13.3911
0.64  0.62  13.0629
0.64  0.64  12.6819
0.64  0.66  12.2493
0.64  0.68  11.7662
0.64  0.7  11.2341
0.64  0.72  10.6545
0.64  0.74  10.0294
0.64  0.76  9.36093
0.64  0.78  8.65139
0.64  0.8  7.90345
0.64  0.82  7.12001
0.64  0.84  6.30422
0.64  0.86  5.45947
0.64  0.88  4.5894
0.64  0.9  3.69787
0.64  0.92  2.78891
0.64  0.94  1.86671
0.64  0.96  0.93561
0.64  0.98  0

0.66  0  0
0.66  0.02  0.858518
0.66  0.04  1.71307
0.66  0.06  2.55968
0.66  0.08  3.39443
0.66  0.1  4.21349
0.66  0.12  5.01321
0.66  0.14  5.79005
0.66  0.16  6.54069
0.66  0.18  7.26201
0.66  0.2  7.95107
0.66  0.22  8.6052
0.66  0.24  9.22192
0.66  0.26  9.79901
0.66  0.28  10.3345
0.66  0.3  10.8265
0.66  0.32  11.2735
0.66  0.34  11.6741
0.66  0.36  12.0271
0.66  0.38  12.3315
0.66  0.4  12.5865
0.66  0.42  12.7914
0.66  0.44  12.9457
0.66  0.46  13.0489
0.66  0.48  13.1008
0.66  0.5  13.1012
0.66  0.52  13.0502
0.66  0.54  12.9479
0.66  0.56  12.7945
0.66  0.58  12.5905
0.66  0.6  12.3362
0.66  0.62  12.0325
0.66  0.64  11.6801
0.66  0.66  11.2801
0.66  0.68  10.8336
0.66  0.7  10.3419
0.66  0.72  9.80677
0.66  0.74  9.22985
0.66  0.76  8.61318
0.66  0.78  7.95898
0.66  0.8  7.26971
0.66  0.82  6.54808
0.66  0.84  5.79697
0.66  0.86  5.01954
0.66  0.88  4.2191
0.66  0.9  3.39917
0.66  0.92  2.56343
0.66  0.94  1.7157
0.66  0.96  0.859891
0.66  0.98  0

0.68  0  0
0.68  0.02  0.786995
0.68  0.04  1.57041
0.68  0.06  2.34663
0.68  0.08  3.11212
0.68  0.1  3.8634
0.68  0.12  4.59714
0.68  0.14  5.31014
0.68  0.16  5.99934
0.68  0.18  6.66187
0.68  0.2  7.29505
0.68  0.22  7.8964
0.68  0.24  8.46361
0.68  0.26  8.99461
0.68  0.28  9.48752
0.68  0.3  9.94063
0.68  0.32  10.3525
0.68  0.34  10.7217
0.68  0.36  11.0472
0.68  0.38  11.328
0.68  0.4  11.5633
0.68  0.42  11.7523
0.68  0.44  11.8947
0.68  0.46  11.99
0.68  0.48  12.0379
0.68  0.5  12.0384
0.68  0.52  11.9913
0.68  0.54  11.8969
0.68  0.56  11.7553
0.68  0.58  11.567
0.68  0.6  11.3325
0.68  0.62  11.0524
0.68  0.64  10.7275
0.68  0.66  10.3588
0.68  0.68  9.94743
0.68  0.7  9.49468
0.68  0.72  9.00204
0.68  0.74  8.4712
0.68  0.76  7.90403
0.68  0.78  7.30262
0.68  0.8  6.66925
0.68  0.82  6.0064
0.68  0.84  5.31676
0.68  0.86  4.6032
0.68  0.88  3.86876
0.68  0.9  3.11665
0.68  0.92  2.35022
0.68  0.94  1.57292
0.68  0.96  0.788309
0.68  0.98  0

0.7  0  0
0.7  0.02  0.719226
0.7  0.04  1.43522
0.7  0.06  2.14472
0.7  0.08  2.84451
0.7  0.1  3.53146
0.7  0.12  4.20254
0.7  0.14  4.85483
0.7  0.16  5.48556
0.7  0.18  6.09209
0.7  0.2  6.67197
0.7  0.22  7.2229
0.7  0.24  7.74277
0.7  0.26  8.22964
0.7  0.28  8.68176
0.7  0.3  9.09754
0.7  0.32  9.47558
0.7  0.34  9.81463
0.7  0.36  10.1136
0.7  0.38  10.3716
0.7  0.4  10.5878
0.7  0.42  10.7617
0.7  0.44  10.8926
0.7  0.46  10.9802
0.7  0.48  11.0243
0.7  0.5  11.0247
0.7  0.52  10.9814
0.7  0.54  10.8946
0.7  0.56  10.7645
0.7  0.58  10.5914
0.7  0.6  10.3759
0.7  0.62  10.1185
0.7  0.64  9.82015
0.7  0.66  9.48161
0.7  0.68  9.104
0.7  0.7  8.68857
0.7  0.72  8.2367
0.7  0.74  7.74998
0.7  0.76  7.23016
0.7  0.78  6.67916
0.7  0.8  6.09911
0.7  0.82  5.49228
0.7  0.84  4.86114
0.7  0.86  4.20831
0.7  0.88  3.53656
0.7  0.9  2.84883
0.7  0.92  2.14813
0.7  0.94  1.43761
0.7  0.96  0.720476
0.7  0.98  0

0.72  0  0
0.72  0.02  0.654854
0.72  0.04  1.3068
0.72  0.06  1.95289
0.72  0.08  2.59023
0.72  0.1  3.21598
0.72  0.12  3.82741
0.72  0.14  4.42187
0.72  0.16  4.99684
0.72  0.18  5.54992
0.72  0.2  6.07887
0.72  0.22  6.58158
0.72  0.24  7.05611
0.72  0.26  7.50068
0.72  0.28  7.91366
0.72  0.3  8.29357
0.72  0.32  8.6391
0.72  0.34  8.9491
0.72  0.36  9.22254
0.72  0.38  9.45856
0.72  0.4  9.6564
0.72  0.42  9.81548
0.72  0.44  9.9353
0.72  0.46  10.0155
0.72  0.48  10.0559
0.72  0.5  10.0563
0.72  0.52  10.0167
0.72  0.54  9.93723
0.72  0.56  9.81815
0.72  0.58  9.65979
0.72  0.6  9.4626
0.72  0.62  9.2272
0.72  0.64  8.95431
0.72  0.66  8.6448
0.72  0.68  8.29968
0.72  0.7  7.92009
0.72  0.72  7.50736
0.72  0.74  7.06293
0.72  0.76  6.58844
0.72  0.78  6.08567
0.72  0.8  5.55655
0.72  0.82  5.00319
0.72  0.84  4.42783
0.72  0.86  3.83286
0.72  0.88  3.2208
0.72  0.9  2.5943
0.72  0.92  1.95611
0.72  0.94  1.30905
0.72  0.96  0.656035
0.72  0.98  0

0.74  0  0
0.74  0.02  0.593549
0.74  0.04  1.18448
0.74  0.06  1.77016
0.74  0.08  2.34798
0.74  0.1  2.91538
0.74  0.12  3.46989
0.74  0.14  4.00914
0.74  0.16  4.53083
0.74  0.18  5.03279
0.74  0.2  5.51298
0.74  0.22  5.96949
0.74  0.24  6.40055
0.74  0.26  6.8045
0.74  0.28  7.17986
0.74  0.3  7.52527
0.74  0.32  7.83952
0.74  0.34  8.12152
0.74  0.36  8.37033
0.74  0.38  8.58513
0.74  0.4  8.76523
0.74  0.42  8.91006
0.74  0.44  9.01916
0.74  0.46  9.09221
0.74  0.48  9.12898
0.74  0.5  9.12934
0.74  0.52  9.09331
0.74  0.54  9.02098
0.74  0.56  8.91256
0.74  0.58  8.7684
0.74  0.6  8.58892
0.74  0.62  8.3747
0.74  0.64  8.12641
0.74  0.66  7.84486
0.74  0.68  7.531
0.74  0.7  7.1859
0.74  0.72  6.81076
0.74  0.74  6.40694
0.74  0.76  5.97593
0.74  0.78  5.51936
0.74  0.8  5.03901
0.74  0.82  4.53678
0.74  0.84  4.01472
0.74  0.86  3.475
0.74  0.88  2.9199
0.74  0.9  2.3518
0.74  0.92  1.77318
0.74  0.94  1.1866
0.74  0.96  0.594656
0.74  0.98  0

0.76  0  0
0.76  0.02  0.535001
0.76  0.04  1.06767
0.76  0.06  1.59563
0.76  0.08  2.11656
0.76  0.1  2.62817
0.76  0.12  3.12825
0.76  0.14  3.61464
0.76  0.16  4.0853
0.76  0.18  4.53826
0.76  0.2  4.97169
0.76  0.22  5.38385
0.76  0.24  5.77312
0.76  0.26  6.13802
0.76  0.28  6.47718
0.76  0.3  6.78936
0.76  0.32  7.07344
0.76  0.34  7.32843
0.76  0.36  7.55346
0.76  0.38  7.74776
0.76  0.4  7.91071
0.76  0.42  8.04176
0.76  0.44  8.1405
0.76  0.46  8.20662
0.76  0.48  8.2399
0.76  0.5  8.24025
0.76  0.52  8.20764
0.76  0.54  8.14219
0.76  0.56  8.04409
0.76  0.58  7.91366
0.76  0.6  7.75129
0.76  0.62  7.55752
0.76  0.64  7.33298
0.76  0.66  7.07841
0.76  0.68  6.79469
0.76  0.7  6.48279
0.76  0.72  6.14384
0.76  0.74  5.77907
0.76  0.76  5.38983
0.76  0.78  4.97762
0.76  0.8  4.54405
0.76  0.82  4.09083
0.76  0.84  3.61983
0.76  0.86  3.13299
0.76  0.88  2.63237
0.76  0.9  2.12012
0.76  0.92  1.59844
0.76  0.94  1.06963
0.76  0.96  0.536031
0.76  0.98  0

0.78  0  0
0.78  0.02  0.478924
0.78  0.04  0.955773
0.78  0.06  1.42844
0.78  0.08  1.89486
0.78  0.1  2.35298
0.78  0.12  2.80084
0.78  0.14  3.23651
0.78  0.16  3.65817
0.78  0.18  4.06406
0.78  0.2  4.45252
0.78  0.22  4.822
0.78  0.24  5.17105
0.78  0.26  5.49831
0.78  0.28  5.80256
0.78  0.3  6.08267
0.78  0.32  6.33762
0.78  0.34  6.56651
0.78  0.36  6.76854
0.78  0.38  6.94302
0.78  0.4  7.08936
0.78  0.42  7.20708
0.78  0.44  7.29578
0.78  0.46  7.35518
0.78  0.48  7.38509
0.78  0.5  7.3854
0.78  0.52  7.35612
0.78  0.54  7.29733
0.78  0.56  7.20922
0.78  0.58  7.09208
0.78  0.6  6.94627
0.78  0.62  6.77228
0.78  0.64  6.5707
0.78  0.66  6.3422
0.78  0.68  6.08757
0.78  0.7  5.80773
0.78  0.72  5.50367
0.78  0.74  5.17652
0.78  0.76  4.82751
0.78  0.78  4.45798
0.78  0.8  4.06938
0.78  0.82  3.66326
0.78  0.84  3.24129
0.78  0.86  2.80521
0.78  0.88  2.35685
0.78  0.9  1.89813
0.78  0.92  1.43103
0.78  0.94  0.957584
0.78  0.96  0.479872
0.78  0.98  0

0.8  0  0
0.8  0.02  0.425046
0.8  0.04  0.848261
0.8  0.06  1.26779
0.8  0.08  1.6818
0.8  0.1  2.08849
0.8  0.12  2.48611
0.8  0.14  2.87298
0.8  0.16  3.24745
0.8  0.18  3.60798
0.8  0.2  3.9531
0.8  0.22  4.28142
0.8  0.24  4.59164
0.8  0.26  4.88256
0.8  0.28  5.15307
0.8  0.3  5.40216
0.8  0.32  5.62893
0.8  0.34  5.83255
0.8  0.36  6.01231
0.8  0.38  6.16757
0.8  0.4  6.29781
0.8  0.42  6.40259
0.8  0.44  6.48156
0.8  0.46  6.53444
0.8  0.48  6.56107
0.8  0.5  6.56136
0.8  0.52  6.5353
0.8  0.54  6.48297
0.8  0.56  6.40455
0.8  0.58  6.30029
0.8  0.6  6.17053
0.8  0.62  6.01571
0.8  0.64  5.83636
0.8  0.66  5.63309
0.8  0.68  5.40663
0.8  0.7  5.15777
0.8  0.72  4.88743
0.8  0.74  4.59662
0.8  0.76  4.28643
0.8  0.78  3.95807
0.8  0.8  3.61283
0.8  0.82  3.25209
0.8  0.84  2.87733
0.8  0.86  2.49009
0.8  0.88  2.09201
0.8  0.9  1.68478
0.8  0.92  1.27014
0.8  0.94  0.84991
0.8  0.96  0.425909
0.8  0.98  0

0.82  0  0
0.82  0.02  0.373109
0.82  0.04  0.744621
0.82  0.06  1.11291
0.82  0.08  1.47638
0.82  0.1  1.83346
0.82  0.12  2.18261
0.82  0.14  2.52235
0.82  0.16  2.85126
0.82  0.18  3.16797
0.82  0.2  3.47119
0.82  0.22  3.75969
0.82  0.24  4.03233
0.82  0.26  4.28806
0.82  0.28  4.52589
0.82  0.3  4.74492
0.82  0.32  4.94435
0.82  0.34  5.12345
0.82  0.36  5.28159
0.82  0.38  5.41819
0.82  0.4  5.5328
0.82  0.42  5.625
0.82  0.44  5.6945
0.82  0.46  5.74104
0.82  0.48  5.76449
0.82  0.5  5.76474
0.82  0.52  5.74181
0.82  0.54  5.69577
0.82  0.56  5.62676
0.82  0.58  5.53501
0.82  0.6  5.42085
0.82  0.62  5.28464
0.82  0.64  5.12687
0.82  0.66  4.94809
0.82  0.68  4.74893
0.82  0.7  4.53011
0.82  0.72  4.29244
0.82  0.74  4.03681
0.82  0.76  3.76419
0.82  0.78  3.47565
0.82  0.8  3.17232
0.82  0.82  2.85543
0.82  0.84  2.52626
0.82  0.86  2.18618
0.82  0.88  1.83662
0.82  0.9  1.47906
0.82  0.92  1.11503
0.82  0.94  0.746101
0.82  0.96  0.373884
0.82  0.98  0

0.84  0  0
0.84  0.02  0.32287
0.84  0.04  0.644364
0.84  0.06  0.963084
0.84  0.08  1.27765
0.84  0.1  1.5867
0.84  0.12  1.88892
0.84  0.14  2.18303
0.84  0.16  2.46779
0.84  0.18  2.74203
0.84  0.2  3.00461
0.84  0.22  3.25449
0.84  0.24  3.49066
0.84  0.26  3.71222
0.84  0.28  3.91829
0.84  0.3  4.10811
0.84  0.32  4.28096
0.84  0.34  4.43621
0.84  0.36  4.5733
0.84  0.38  4.69175
0.84  0.4  4.79112
0.84  0.42  4.87108
0.84  0.44  4.93135
0.84  0.46  4.97172
0.84  0.48  4.99206
0.84  0.5  4.99228
0.84  0.52  4.9724
0.84  0.54  4.93247
0.84  0.56  4.87263
0.84  0.58  4.79308
0.84  0.6  4.69409
0.84  0.62  4.576
0.84  0.64  4.43923
0.84  0.66  4.28426
0.84  0.68  4.11164
0.84  0.7  3.92201
0.84  0.72  3.71608
0.84  0.74  3.49461
0.84  0.76  3.25846
0.84  0.78  3.00855
0.84  0.8  2.74586
0.84  0.82  2.47147
0.84  0.84  2.18648
0.84  0.86  1.89207
0.84  0.88  1.58949
0.84  0.9  1.28001
0.84  0.92  0.964949
0.84  0.94  0.64567
0.84  0.96  0.323553
0.84  0.98  0

0.86  0  0
0.86  0.02  0.274094
0.86  0.04  0.547025
0.86  0.06  0.817609
0.86  0.08  1.08468
0.86  0.1  1.34709
0.86  0.12  1.60371
0.86  0.14  1.85347
0.86  0.16  2.09531
0.86  0.18  2.32823
0.86  0.2  2.55129
0.86  0.22  2.76357
0.86  0.24  2.96424
0.86  0.26  3.15251
0.86  0.28  3.32764
0.86  0.3  3.48898
0.86  0.32  3.63592
0.86  0.34  3.76791
0.86  0.36  3.88447
0.86  0.38  3.98518
0.86  0.4  4.06969
0.86  0.42  4.13769
0.86  0.44  4.18895
0.86  0.46  4.22329
0.86  0.48  4.24058
0.86  0.5  4.24078
0.86  0.52  4.22387
0.86  0.54  4.18991
0.86  0.56  4.13902
0.86  0.58  4.07137
0.86  0.6  3.9872
0.86  0.62  3.88679
0.86  0.64  3.77051
0.86  0.66  3.63876
0.86  0.68  3.49203
0.86  0.7  3.33086
0.86  0.72  3.15584
0.86  0.74  2.96765
0.86  0.76  2.767
0.86  0.78  2.55468
0.86  0.8  2.33154
0.86  0.82  2.09848
0.86  0.84  1.85644
0.86  0.86  1.60643
0.86  0.88  1.34949
0.86  0.9  1.08672
0.86  0.92  0.819219
0.86  0.94  0.548152
0.86  0.96  0.274684
0.86  0.98  0

0.88  0  0
0.88  0.02  0.226557
0.88  0.04  0.452155
0.88  0.06  0.675819
0.88  0.08  0.896587
0.88  0.1  1.11351
0.88  0.12  1.32567
0.88  0.14  1.53216
0.88  0.16  1.73213
0.88  0.18  1.92474
0.88  0.2  2.1092
0.88  0.22  2.28477
0.88  0.24  2.45076
0.88  0.26  2.6065
0.88  0.28  2.75139
0.88  0.3  2.88488
0.88  0.32  3.00646
0.88  0.34  3.11569
0.88  0.36  3.21215
0.88  0.38  3.29551
0.88  0.4  3.36546
0.88  0.42  3.42175
0.88  0.44  3.46418
0.88  0.46  3.49261
0.88  0.48  3.50693
0.88  0.5  3.5071
0.88  0.52  3.4931
0.88  0.54  3.46499
0.88  0.56  3.42287
0.88  0.58  3.36687
0.88  0.6  3.2972
0.88  0.62  3.2141
0.88  0.64  3.11787
0.88  0.66  3.00885
0.88  0.68  2.88743
0.88  0.7  2.75408
0.88  0.72  2.60929
0.88  0.74  2.45361
0.88  0.76  2.28765
0.88  0.78  2.11205
0.88  0.8  1.92751
0.88  0.82  1.73478
0.88  0.84  1.53465
0.88  0.86  1.32795
0.88  0.88  1.11553
0.88  0.9  0.898293
0.88  0.92  0.677168
0.88  0.94  0.453099
0.88  0.96  0.227051
0.88  0.98  0

0.9  0  0
0.9  0.02  0.18004
0.9  0.04  0.359319
0.9  0.06  0.537066
0.9  0.08  0.712516
0.9  0.1  0.884919
0.9  0.12  1.05354
0.9  0.14  1.21767
0.9  0.16  1.37662
0.9  0.18  1.52973
0.9  0.2  1.67638
0.9  0.22  1.81598
0.9  0.24  1.94795
0.9  0.26  2.0718
0.9  0.28  2.18702
0.9  0.3  2.29319
0.9  0.32  2.38989
0.9  0.34  2.47677
0.9  0.36  2.55351
0.9  0.38  2.61982
0.9  0.4  2.67547
0.9  0.42  2.72025
0.9  0.44  2.75402
0.9  0.46  2.77664
0.9  0.48  2.78803
0.9  0.5  2.78816
0.9  0.52  2.77703
0.9  0.54  2.75467
0.9  0.56  2.72115
0.9  0.58  2.67661
0.9  0.6  2.62118
0.9  0.62  2.55507
0.9  0.64  2.47852
0.9  0.66  2.39181
0.9  0.68  2.29524
0.9  0.7  2.18918
0.9  0.72  2.07404
0.9  0.74  1.95025
0.9  0.76  1.81828
0.9  0.78  1.67867
0.9  0.8  1.53196
0.9  0.82  1.37876
0.9  0.84  1.21967
0.9  0.86  1.05537
0.9  0.88  0.886539
0.9  0.9  0.713887
0.9  0.92  0.53815
0.9  0.94  0.360078
0.9  0.96  0.180437
0.9  0.98  0

0.92  0  0
0.92  0.02  0.134331
0.92  0.04  0.268096
0.92  0.06  0.40072
0.92  0.08  0.531633
0.92  0.1  0.660276
0.92  0.12  0.786102
0.92  0.14  0.908581
0.92  0.16  1.0272
0.92  0.18  1.14147
0.92  0.2  1.25092
0.92  0.22  1.35512
0.92  0.24  1.45363
0.92  0.26  1.54607
0.92  0.28  1.63209
0.92  0.3  1.71135
0.92  0.32  1.78355
0.92  0.34  1.84842
0.92  0.36  1.90572
0.92  0.38  1.95524
0.92  0.4  1.99679
0.92  0.42  2.03024
0.92  0.44  2.05545
0.92  0.46  2.07235
0.92  0.48  2.08086
0.92  0.5  2.08096
0.92  0.52  2.07264
0.92  0.54  2.05594
0.92  0.56  2.03092
0.92  0.58  1.99765
0.92  0.6  1.95626
0.92  0.62  1.9069
0.92  0.64  1.84974
0.92  0.66  1.78499
0.92  0.68  1.7129
0.92  0.7  1.63372
0.92  0.72  1.54776
0.92  0.74  1.45535
0.92  0.76  1.35685
0.92  0.78  1.25264
0.92  0.8  1.14315
0.92  0.82  1.02881
0.92  0.84  0.910087
0.92  0.86  0.787478
0.92  0.88  0.661494
0.92  0.9  0.532664
0.92  0.92  0.401535
0.92  0.94  0.268667
0.92  0.96  0.13463
0.92  0.98  0

0.94  0  0
0.94  0.02  0.0892237
0.94  0.04  0.178072
0.94  0.06  0.266163
0.94  0.08  0.35312
0.94  0.1  0.43857
0.94  0.12  0.522151
0.94  0.14  0.603512
0.94  0.16  0.682312
0.94  0.18  0.758225
0.94  0.2  0.83094
0.94  0.22  0.900162
0.94  0.24  0.965615
0.94  0.26  1.02704
0.94  0.28  1.0842
0.94  0.3  1.13686
0.94  0.32  1.18484
0.94  0.34  1.22795
0.94  0.36  1.26603
0.94  0.38  1.29894
0.94  0.4  1.32656
0.94  0.42  1.34878
0.94  0.44  1.36554
0.94  0.46  1.37677
0.94  0.48  1.38243
0.94  0.5  1.38249
0.94  0.52  1.37697
0.94  0.54  1.36587
0.94  0.56  1.34923
0.94  0.58  1.32713
0.94  0.6  1.29962
0.94  0.62  1.26682
0.94  0.64  1.22883
0.94  0.66  1.1858
0.94  0.68  1.13789
0.94  0.7  1.08528
0.94  0.72  1.02817
0.94  0.74  0.966766
0.94  0.76  0.90132
0.94  0.78  0.832087
0.94  0.8  0.759344
0.94  0.82  0.683383
0.94  0.84  0.604517
0.94  0.86  0.52307
0.94  0.88  0.439383
0.94  0.9  0.353808
0.94  0.92  0.266707
0.94  0.94  0.178453
0.94  0.96  0.089423
0.94  0.98  0

0.96  0  0
0.96  0.02  0.0445139
0.96  0.04  0.0888407
0.96  0.06  0.13279
0.96  0.08  0.176173
0.96  0.1  0.218806
0.96  0.12  0.260507
0.96  0.14  0.301101
0.96  0.16  0.340417
0.96  0.18  0.378295
0.96  0.2  0.414577
0.96  0.22  0.449117
0.96  0.24  0.481778
0.96  0.26  0.512429
0.96  0.28  0.54095
0.96  0.3  0.567233
0.96  0.32  0.591176
0.96  0.34  0.612689
0.96  0.36  0.631693
0.96  0.38  0.648116
0.96  0.4  0.6619
0.96  0.42  0.672994
0.96  0.44  0.681357
0.96  0.46  0.686961
0.96  0.48  0.689784
0.96  0.5  0.689818
0.96  0.52  0.68706
0.96  0.54  0.681521
0.96  0.56  0.673219
0.96  0.58  0.662185
0.96  0.6  0.648458
0.96  0.62  0.632086
0.96  0.64  0.613129
0.96  0.66  0.591657
0.96  0.68  0.567748
0.96  0.7  0.541493
0.96  0.72  0.512992
0.96  0.74  0.482353
0.96  0.76  0.449696
0.96  0.78  0.415151
0.96  0.8  0.378854
0.96  0.82  0.340953
0.96  0.84  0.301603
0.96  0.86  0.260967
0.96  0.88  0.219213
0.96  0.9  0.176518
0.96  0.92  0.133062
0.96  0.94  0.0890311
0.96  0.96  0.0446135
0.96  0.98  0

0.98  0  0
0.98  0.02  0
0.98  0.04  0
0.98  0.06  0
0.98  0.08  0
0.98  0.1  0
0.98  0.12  0
0.98  0.14  0
0.98  0.16  0
0.98  0.18  0
0.98  0.2  0
0.98  0.22  0
0.98  0.24  0
0.98  0.26  0
0.98  0.28  0
0.98  0.3  0
0.98  0.32  0
0.98  0.34  0
0.98  0.36  0
0.98  0.38  0
0.98  0.4  0
0.98  0.42  0
0.98  0.44  0
0.98  0.46  0
0.98  0.48  0
0.98  0.5  0
0.98  0.52  0
0.98  0.54  0
0.98  0.56  0
0.98  0.58  0
0.98  0.6  0
0.98  0.62  0
0.98  0.64  0
0.98  0.66  0
0.98  0.68  0
0.98  0.7  0
0.98  0.72  0
0.98  0.74  0
0.98  0.76  0
0.98  0.78  0
0.98  0.8  0
0.98  0.82  0
0.98  0.84  0
0.98  0.86  0
0.98  0.88  0
0.98  0.9  0
0.98  0.92  0
0.98  0.94  0
0.98  0.96  0
0.98  0.98  0


