100
100
100
100
100
100
100
100
100
100
100
100
99.9999
99.9999
99.9998
99.9997
99.9996
99.9994
99.9992
99.9989
99.9985
99.998
99.9974
99.9967
99.9958
99.9947
99.9934
99.9919
99.9901
99.988
99.9856
99.9829
99.9798
99.9763
99.9724
99.968
99.963
99.9575
99.9514
99.9446
99.937
99.9287
99.9195
99.9094
99.8983
99.8862
99.8729
99.8584
99.8425
99.8253
99.8067
99.7865
99.7647
99.7412
99.7159
99.6888
99.6598
99.6288
99.5957
99.5605
99.5231
99.4835
99.4416
99.3973
99.3506
99.3015
99.2499
99.1958
99.1391
99.0799
99.018
98.9535
98.8864
98.8166
98.7442
98.669
98.5912
98.5107
98.4275
98.3416
98.253
98.1617
98.0678
97.9713
97.8721
97.7703
97.6659
97.559
97.4494
97.3374
97.2229
97.1059
96.9864
96.8646
96.7404
96.6138
96.4849
96.3537
96.2203
96.0847
95.947
95.8071
95.665
95.521
95.3749
95.2269
95.0769
94.925
94.7712
94.6156
94.4583
94.2992
94.1384
93.9759
93.8118
93.6461
93.4789
93.3102
93.14
92.9684
92.7953
92.621
92.4453
92.2683
92.0901
91.9107
91.7302
91.5484
91.3656
91.1818
90.9969
90.811
90.6242
90.4364
90.2477
90.0582
89.8679
89.6767
89.4848
89.2922
89.0988
88.9048
88.7101
88.5148
88.3189
88.1225
87.9255
87.728
87.5301
87.3316
87.1328
86.9335
86.7339
86.5339
86.3336
86.1329
85.932
85.7308
85.5294
85.3277
85.1259
84.9238
84.7216
84.5193
84.3169
84.1143
83.9117
83.7089
83.5062
83.3034
83.1006
82.8978
82.695
82.4923
82.2896
82.087
81.8845
81.682
81.4797
81.2775
81.0754
80.8735
80.6717
80.4701
80.2688
80.0676
79.8666
79.6658
79.4653
79.265
79.065
78.8653
78.6658
78.4666
78.2677
78.0691
77.8709
77.6729
77.4753
77.278
77.0811
76.8846
76.6884
76.4925
76.2971
76.102
75.9074
75.7131
75.5192
75.3258
75.1328
74.9402
74.748
74.5563
74.365
74.1742
73.9838
73.7938
73.6044
73.4154
73.2268
73.0388
72.8512
72.6641
72.4775
72.2914
72.1058
71.9207
71.7361
71.552
71.3684
71.1854
71.0028
70.8208
70.6392
70.4582
70.2778
70.0978
69.9184
69.7395
69.5612
69.3834
69.2061
69.0294
68.8532
68.6776
68.5025
68.3279
68.154
67.9805
67.8076
67.6353
67.4635
67.2922
67.1216
66.9514
66.7819
66.6129
66.4444
66.2765
66.1092
65.9424
65.7762
65.6105
65.4454
65.2809
65.1169
64.9535
64.7907
64.6284
64.4667
64.3055
64.1449
63.9849
63.8254
63.6665
63.5081
63.3503
63.1931
63.0364
62.8803
62.7248
62.5698
62.4153
62.2614
62.1081
61.9553
61.8031
61.6515
61.5003
61.3498
61.1998
61.0503
60.9014
60.7531
60.6053
60.458
60.3113
60.1651
60.0195
59.8744
59.7299
59.5859
59.4424
59.2995
59.1572
59.0153
58.874
58.7332
58.593
58.4533
58.3141
58.1755
58.0374
57.8998
57.7627
57.6262
57.4902
57.3547
57.2198
57.0853
56.9514
56.818
56.6851
56.5527
56.4208
56.2895
56.1586
56.0283
55.8984
55.7691
55.6403
55.512
55.3841
55.2568
55.13
55.0037
54.8778
54.7525
54.6277
54.5033
54.3794
54.2561
54.1332
54.0108
53.8888
53.7674
53.6464
53.526
53.406
53.2864
53.1674
53.0488
52.9307
52.813
52.6959
52.5791
52.4629
52.3471
52.2318
52.1169
52.0025
51.8886
51.7751
51.6621
51.5495
51.4373
51.3256
51.2144
51.1036
50.9933
50.8834
50.7739
50.6649
50.5563
50.4481
50.3404
50.2331
50.1263
50.0199
49.9139
49.8083
49.7032
49.5984
49.4941
49.3903
49.2868
49.1838
49.0812
48.979
48.8772
48.7758
48.6748
48.5743
48.4741
48.3744
48.275
48.1761
48.0775
47.9794
47.8816
47.7843
47.6873
47.5908
47.4946
47.3988
47.3035
47.2085
47.1138
47.0196
46.9258
46.8323
46.7392
46.6465
46.5542
46.4622
46.3707
46.2795
46.1886
46.0982
46.0081
45.9183
45.829
45.74
45.6513
45.5631
45.4752
45.3876
45.3004
45.2136
45.1271
45.041
44.9552
44.8697
44.7847
44.6999
44.6155
44.5315
44.4478
44.3644
44.2814
44.1987
44.1164
44.0344
43.9527
43.8714
43.7904
43.7097
43.6294
43.5494
43.4697
43.3903
43.3113
43.2326
43.1542
43.0761
42.9984
42.921
42.8438
42.7671
42.6906
42.6144
42.5386
42.463
42.3878
42.3129
42.2382
42.1639
42.0899
42.0162
41.9428
41.8697
41.7969
41.7244
41.6522
41.5803
41.5087
41.4373
41.3663
41.2956
41.2251
41.155
41.0851
41.0155
40.9462
40.8772
40.8085
40.74
40.6719
40.604
40.5364
40.469
40.402
40.3352
40.2687
40.2025
40.1365
40.0708
40.0054
39.9403
39.8754
39.8108
39.7464
39.6823
39.6185
39.5549
39.4916
39.4286
39.3658
39.3033
39.241
39.179
39.1172
39.0557
38.9945
38.9335
38.8727
38.8123
38.752
38.692
38.6322
38.5727
38.5135
38.4544
38.3957
38.3371
38.2788
38.2208
38.163
38.1054
38.048
37.9909
37.934
37.8774
37.821
37.7648
37.7089
37.6532
37.5977
37.5424
37.4874
37.4326
37.378
37.3236
37.2695
37.2156
37.1619
37.1085
37.0552
37.0022
36.9494
36.8968
36.8444
36.7922
36.7403
36.6886
36.637
36.5857
36.5346
36.4837
36.4331
36.3826
36.3323
36.2823
36.2324
36.1828
36.1333
36.0841
36.0351
35.9862
35.9376
35.8892
35.8409
35.7929
35.745
35.6974
35.65
35.6027
35.5556
35.5088
35.4621
35.4156
35.3693
35.3232
35.2773
35.2316
35.1861
35.1407
35.0956
35.0506
35.0058
34.9612
34.9168
34.8726
34.8285
34.7846
34.7409
34.6974
34.6541
34.6109
34.568
34.5252
34.4825
34.4401
34.3978
34.3557
34.3138
34.272
34.2304
34.189
34.1478
34.1067
34.0658
34.025
33.9845
33.9441
33.9038
33.8638
33.8239
33.7841
33.7445
33.7051
33.6659
33.6268
33.5878
33.5491
33.5104
33.472
33.4337
33.3956
33.3576
33.3197
33.2821
33.2446
33.2072
33.17
33.1329
33.096
33.0593
33.0227
32.9862
32.9499
32.9138
32.8778
32.8419
32.8062
32.7707
32.7352
32.7
32.6648
32.6299
32.595
32.5603
32.5258
32.4914
32.4571
32.423
32.389
32.3552
32.3215
32.2879
32.2545
32.2212
32.188
32.155
32.1221
32.0894
32.0567
32.0243
31.9919
31.9597
31.9276
31.8957
31.8639
31.8322
31.8006
31.7692
31.7379
31.7067
31.6757
31.6448
31.614
31.5833
31.5528
31.5224
31.4921
31.4619
31.4319
31.402
31.3722
31.3425
31.313
31.2836
31.2543
31.2251
31.196
31.1671
31.1383
31.1096
31.081
31.0525
31.0241
30.9959
30.9678
30.9398
30.9119
30.8841
30.8565
30.8289
30.8015
30.7742
30.747
30.7199
30.6929
30.666
30.6392
30.6126
30.586
30.5596
30.5333
30.5071
30.4809
30.4549
30.429
30.4033
30.3776
30.352
30.3265
30.3011
30.2759
30.2507
30.2257
30.2007
30.1759
30.1511
30.1265
30.1019
30.0775
30.0531
30.0289
30.0047
29.9807
29.9567
29.9329
29.9091
29.8855
29.8619
29.8385
29.8151
29.7918
29.7687
29.7456
29.7226
29.6997
29.6769
29.6542
29.6316
29.6091
29.5867
29.5643
29.5421
29.52
29.4979
29.4759
29.4541
29.4323
29.4106
29.389
29.3675
29.346
29.3247
29.3034
29.2823
29.2612
29.2402
29.2193
29.1985
29.1777
29.1571
29.1365
29.116
29.0956
29.0753
29.0551
29.035
29.0149
28.9949
28.975
28.9552
28.9355
28.9158
28.8962
28.8767
28.8573
28.838
28.8187
28.7996
28.7805
28.7615
28.7425
28.7237
28.7049
28.6862
28.6675
28.649
28.6305
28.6121
28.5938
28.5755
28.5573
28.5392
28.5212
28.5033
28.4854
28.4676
28.4498
28.4322
28.4146
28.3971
28.3796
28.3623
28.345
28.3277
28.3106
28.2935
28.2765
28.2595
28.2427
28.2258
28.2091
28.1924
28.1758
28.1593
28.1428
28.1264
28.1101
28.0938
28.0776
28.0615
28.0454
28.0294
28.0135
27.9976
27.9818
27.9661
27.9504
27.9348
27.9193
27.9038
27.8884
27.873
27.8577
27.8425
27.8273
27.8122
27.7972
27.7822
27.7673
27.7524
27.7377
27.7229
27.7082
27.6936
27.6791
27.6646
27.6501
27.6358
27.6215
27.6072
27.593
27.5789
27.5648
27.5508
27.5368
27.5229
27.509
27.4952
27.4815
27.4678
27.4542
27.4406
27.4271
27.4136
27.4002
27.3869
27.3736
27.3603
27.3472
27.334
27.321
27.3079
27.295
27.282
27.2692
27.2564
27.2436
27.2309
27.2183
27.2057
27.1931
27.1806
27.1682
27.1558
27.1434
27.1311
27.1189
27.1067
27.0945
27.0824
27.0704
27.0584
27.0465
27.0346
27.0227
27.0109
26.9992
26.9875
26.9758
26.9642
26.9527
26.9411
26.9297
26.9183
26.9069
26.8956
26.8843
26.8731
26.8619
26.8507
26.8396
26.8286
26.8176
26.8066
26.7957
26.7849
26.774
26.7633
26.7525
26.7418
26.7312
26.7206
26.71
26.6995
26.689
26.6786
26.6682
26.6579
26.6476
26.6373
26.6271
26.6169
26.6068
26.5967
26.5867
26.5767
26.5667
26.5568
26.5469
26.537
26.5272
26.5175
26.5077
26.4981
26.4884
26.4788
26.4692
26.4597
26.4502
26.4408
26.4314
26.422
26.4127
26.4034
26.3941
26.3849
26.3757
26.3666
26.3575
26.3484
26.3394
26.3304
26.3214
26.3125
26.3036
26.2948
26.286
26.2772
26.2685
26.2598
26.2511
26.2425
26.2339
26.2253
26.2168
26.2083
26.1998
26.1914
26.183
26.1747
26.1664
26.1581
26.1498
26.1416
26.1334
26.1253
26.1172
26.1091
26.1011
26.093
26.0851
26.0771
26.0692
26.0613
26.0535
26.0456
26.0379
26.0301
26.0224
26.0147
26.007
25.9994
25.9918
25.9842
25.9767
25.9692
25.9617
25.9543
25.9469
25.9395
25.9321
25.9248
25.9175
25.9103
25.903
25.8958
25.8887
25.8815
25.8744
25.8673
25.8603
25.8532
25.8462
25.8393
25.8323
25.8254
25.8185
25.8117
25.8049
25.7981
25.7913
25.7846
25.7778
25.7712
25.7645
25.7579
25.7513
25.7447
25.7381
25.7316
25.7251
25.7186
25.7122
25.7058
25.6994
25.693
25.6867
25.6804
25.6741
25.6678
25.6616
25.6554
25.6492
25.643
25.6369
25.6308
25.6247
25.6186
25.6126
25.6066
25.6006
25.5947
25.5887
25.5828
25.5769
25.5711
25.5652
25.5594
25.5536
25.5478
25.5421
25.5364
25.5307
25.525
25.5194
25.5137
25.5081
25.5026
25.497
25.4915
25.486
25.4805
25.475
25.4696
25.4641
25.4587
25.4534
25.448
25.4427
25.4374
25.4321
25.4268
25.4216
25.4163
25.4111
25.4059
25.4008
25.3956
25.3905
25.3854
25.3804
25.3753
25.3703
25.3652
25.3603
25.3553
25.3503
25.3454
25.3405
25.3356
25.3307
25.3259
25.321
25.3162
25.3114
25.3067
25.3019
25.2972
25.2925
25.2878
25.2831
25.2784
25.2738
25.2692
25.2646
25.26
25.2554
25.2509
25.2464
25.2419
25.2374
25.2329
25.2285
25.224
25.2196
25.2152
25.2108
25.2065
25.2021
25.1978
25.1935
25.1892
25.185
25.1807
25.1765
25.1722
25.168
25.1639
25.1597
25.1555
25.1514
25.1473
25.1432
25.1391
25.1351
25.131
25.127
25.123
25.119
25.115
25.111
25.1071
25.1031
25.0992
25.0953
25.0914
25.0876
25.0837
25.0799
25.076
25.0722
25.0684
25.0647
25.0609
25.0572
25.0534
25.0497
25.046
25.0423
25.0387
25.035
25.0314
25.0278
25.0242
25.0206
25.017
25.0134
25.0099
25.0063
25.0028
24.9993
24.9958
24.9923
24.9889
24.9854
24.982
24.9786
24.9752
24.9718
24.9684
24.965
24.9617
24.9583
24.955
24.9517
24.9484
24.9451
24.9419
24.9386
24.9354
24.9321
24.9289
24.9257
24.9225
24.9194
24.9162
24.913
24.9099
24.9068
24.9037
24.9006
24.8975
24.8944
24.8914
24.8883
24.8853
24.8823
24.8792
24.8762
24.8733
24.8703
24.8673
24.8644
24.8614
24.8585
24.8556
24.8527
24.8498
24.8469
24.8441
24.8412
24.8384
24.8355
24.8327
24.8299
24.8271
24.8243
24.8216
24.8188
24.816
24.8133
24.8106
24.8079
24.8052
24.8025
24.7998
24.7971
24.7944
24.7918
24.7892
24.7865
24.7839
24.7813
24.7787
24.7761
24.7735
24.771
24.7684
24.7659
24.7634
24.7608
24.7583
24.7558
24.7533
24.7508
24.7484
24.7459
24.7435
24.741
24.7386
24.7362
24.7338
24.7314
24.729
24.7266
24.7242
24.7219
24.7195
24.7172
24.7148
24.7125
24.7102
24.7079
24.7056
24.7033
24.701
24.6988
24.6965
24.6943
24.692
24.6898
24.6876
24.6854
24.6832
24.681
24.6788
24.6766
24.6744
24.6723
24.6701
24.668
24.6659
24.6637
24.6616
24.6595
24.6574
24.6553
24.6533
24.6512
24.6491
24.6471
24.645
24.643
24.641
24.6389
24.6369
24.6349
24.6329
24.6309
24.629
24.627
24.625
24.6231
24.6211
24.6192
24.6173
24.6153
24.6134
24.6115
24.6096
24.6077
24.6058
24.604
24.6021
24.6002
24.5984
24.5965
24.5947
24.5929
24.591
24.5892
24.5874
24.5856
24.5838
24.582
24.5803
24.5785
24.5767
24.575
24.5732
24.5715
24.5697
24.568
24.5663
24.5646
24.5629
24.5612
24.5595
24.5578
24.5561
24.5544
24.5528
24.5511
24.5495
24.5478
24.5462
24.5446
24.5429
24.5413
24.5397
24.5381
24.5365
24.5349
24.5333
24.5318
24.5302
24.5286
24.5271
24.5255
24.524
24.5224
24.5209
24.5194
24.5178
24.5163
24.5148
24.5133
24.5118
24.5103
24.5088
24.5074
24.5059
24.5044
24.503
24.5015
24.5001
24.4986
24.4972
24.4958
24.4943
24.4929
24.4915
24.4901
24.4887
24.4873
24.4859
24.4845
24.4832
24.4818
24.4804
24.4791
24.4777
24.4763
24.475
24.4737
24.4723
24.471
24.4697
24.4684
24.4671
24.4657
24.4644
24.4631
24.4619
24.4606
24.4593
24.458
24.4568
24.4555
24.4542
24.453
24.4517
24.4505
24.4492
24.448
24.4468
24.4456
24.4443
24.4431
24.4419
24.4407
24.4395
24.4383
24.4371
24.436
24.4348
24.4336
24.4324
24.4313
24.4301
24.429
24.4278
24.4267
24.4255
24.4244
