50
50
50
50
50
50
50
50
50
50
50
50
50
50
50
50
50
50
50
50
50
50
50
50
50
50
50
50
50
50
50
50
50
50
49.9999
49.9999
49.9998
49.9996
49.9995
49.9992
49.9989
49.9985
49.9979
49.9972
49.9964
49.9953
49.994
49.9925
49.9906
49.9885
49.986
49.983
49.9797
49.9759
49.9716
49.9668
49.9615
49.9555
49.9489
49.9417
49.9338
49.9252
49.9158
49.9057
49.8948
49.883
49.8705
49.8571
49.8428
49.8276
49.8116
49.7946
49.7767
49.7578
49.7381
49.7173
49.6956
49.6729
49.6493
49.6247
49.5991
49.5725
49.545
49.5165
49.487
49.4566
49.4252
49.3928
49.3595
49.3252
49.2901
49.2539
49.2169
49.179
49.1401
49.1004
49.0598
49.0183
48.976
48.9329
48.8889
48.8441
48.7985
48.7521
48.7049
48.657
48.6083
48.5589
48.5088
48.4579
48.4064
48.3542
48.3013
48.2478
48.1937
48.1389
48.0836
48.0276
47.9711
47.914
47.8564
47.7982
47.7395
47.6803
47.6206
47.5605
47.4998
47.4388
47.3773
47.3153
47.253
47.1902
47.1271
47.0636
46.9998
46.9356
46.871
46.8062
46.741
46.6755
46.6097
46.5437
46.4774
46.4108
46.344
46.277
46.2097
46.1422
46.0745
46.0067
45.9386
45.8703
45.8019
45.7334
45.6647
45.5958
45.5269
45.4578
45.3886
45.3192
45.2498
45.1803
45.1107
45.0411
44.9714
44.9016
44.8318
44.7619
44.692
44.622
44.5521
44.4821
44.4121
44.342
44.272
44.202
44.132
44.0621
43.9921
43.9222
43.8523
43.7824
43.7126
43.6429
43.5731
43.5035
43.4339
43.3644
43.2949
43.2255
43.1562
43.087
43.0178
42.9488
42.8798
42.811
42.7422
42.6736
42.605
42.5366
42.4682
42.4
42.332
42.264
42.1962
42.1284
42.0609
41.9934
41.9261
41.8589
41.7919
41.725
41.6583
41.5917
41.5252
41.4589
41.3928
41.3268
41.261
41.1953
41.1298
41.0645
40.9993
40.9343
40.8694
40.8048
40.7403
40.6759
40.6118
40.5478
40.484
40.4203
40.3569
40.2936
40.2305
40.1676
40.1048
40.0423
39.9799
39.9177
39.8557
39.7939
39.7323
39.6708
39.6096
39.5485
39.4877
39.427
39.3665
39.3062
39.2461
39.1862
39.1265
39.0669
39.0076
38.9484
38.8895
38.8307
38.7722
38.7138
38.6557
38.5977
38.5399
38.4823
38.4249
38.3677
38.3108
38.254
38.1974
38.1409
38.0847
38.0287
37.9729
37.9173
37.8619
37.8066
37.7516
37.6968
37.6421
37.5877
37.5334
37.4794
37.4255
37.3719
37.3184
37.2651
37.2121
37.1592
37.1065
37.054
37.0017
36.9496
36.8977
36.846
36.7944
36.7431
36.6919
36.641
36.5902
36.5397
36.4893
36.4391
36.3891
36.3393
36.2896
36.2402
36.191
36.1419
36.093
36.0443
35.9959
35.9475
35.8994
35.8515
35.8037
35.7561
35.7088
35.6616
35.6145
35.5677
35.521
35.4746
35.4283
35.3822
35.3362
35.2905
35.2449
35.1995
35.1543
35.1092
35.0644
35.0197
34.9752
34.9308
34.8867
34.8427
34.7989
34.7552
34.7118
34.6685
34.6253
34.5824
34.5396
34.497
34.4546
34.4123
34.3702
34.3283
34.2865
34.2449
34.2035
34.1622
34.1211
34.0801
34.0394
33.9988
33.9583
33.918
33.8779
33.8379
33.7981
33.7585
33.719
33.6797
33.6405
33.6015
33.5627
33.524
33.4854
33.4471
33.4088
33.3708
33.3329
33.2951
33.2575
33.22
33.1827
33.1456
33.1086
33.0717
33.035
32.9985
32.9621
32.9258
32.8897
32.8537
32.8179
32.7823
32.7467
32.7113
32.6761
32.641
32.6061
32.5713
32.5366
32.5021
32.4677
32.4335
32.3994
32.3654
32.3316
32.2979
32.2643
32.2309
32.1977
32.1645
32.1315
32.0987
32.0659
32.0333
32.0009
31.9685
31.9363
31.9043
31.8723
31.8405
31.8089
31.7773
31.7459
31.7146
31.6835
31.6524
31.6215
31.5908
31.5601
31.5296
31.4992
31.4689
31.4388
31.4088
31.3789
31.3491
31.3194
31.2899
31.2605
31.2312
31.202
31.173
31.144
31.1152
31.0865
31.058
31.0295
31.0012
30.973
30.9448
30.9169
30.889
30.8612
30.8336
30.806
30.7786
30.7513
30.7241
30.697
30.6701
30.6432
30.6165
30.5898
30.5633
30.5369
30.5106
30.4844
30.4583
30.4323
30.4064
30.3806
30.355
30.3294
30.304
30.2786
30.2534
30.2282
30.2032
30.1783
30.1534
30.1287
30.1041
30.0796
30.0551
30.0308
30.0066
29.9825
29.9584
29.9345
29.9107
29.887
29.8633
29.8398
29.8164
29.793
29.7698
29.7466
29.7236
29.7006
29.6778
29.655
29.6323
29.6098
29.5873
29.5649
29.5426
29.5204
29.4983
29.4762
29.4543
29.4325
29.4107
29.389
29.3675
29.346
29.3246
29.3033
29.2821
29.2609
29.2399
29.2189
29.1981
29.1773
29.1566
29.136
29.1154
29.095
29.0746
29.0543
29.0342
29.014
28.994
28.9741
28.9542
28.9344
28.9147
28.8951
28.8756
28.8561
28.8368
28.8175
28.7983
28.7791
28.7601
28.7411
28.7222
28.7034
28.6846
28.666
28.6474
28.6288
28.6104
28.5921
28.5738
28.5556
28.5374
28.5194
28.5014
28.4835
28.4656
28.4479
28.4302
28.4126
28.395
28.3776
28.3602
28.3428
28.3256
28.3084
28.2913
28.2742
28.2573
28.2403
28.2235
28.2068
28.1901
28.1734
28.1569
28.1404
28.124
28.1076
28.0913
28.0751
28.059
28.0429
28.0269
28.0109
27.995
27.9792
27.9634
27.9477
27.9321
27.9166
27.9011
27.8856
27.8703
27.8549
27.8397
27.8245
27.8094
27.7943
27.7794
27.7644
27.7496
27.7347
27.72
27.7053
27.6907
27.6761
27.6616
27.6472
27.6328
27.6184
27.6042
27.59
27.5758
27.5617
27.5477
27.5337
27.5198
27.5059
27.4921
27.4784
27.4647
27.4511
27.4375
27.4239
27.4105
27.3971
27.3837
27.3704
27.3572
27.344
27.3308
27.3178
27.3047
27.2917
27.2788
27.266
27.2531
27.2404
27.2277
27.215
27.2024
27.1899
27.1773
27.1649
27.1525
27.1401
27.1279
27.1156
27.1034
27.0913
27.0792
27.0671
27.0551
27.0432
27.0313
27.0194
27.0076
26.9959
26.9842
26.9725
26.9609
26.9494
26.9378
26.9264
26.915
26.9036
26.8923
26.881
26.8698
26.8586
26.8474
26.8363
26.8253
26.8143
26.8033
26.7924
26.7816
26.7707
26.76
26.7492
26.7385
26.7279
26.7173
26.7067
26.6962
26.6858
26.6753
26.665
26.6546
26.6443
26.6341
26.6238
26.6137
26.6035
26.5935
26.5834
26.5734
26.5634
26.5535
26.5436
26.5338
26.524
26.5142
26.5045
26.4948
26.4852
26.4756
26.466
26.4565
26.447
26.4376
26.4282
26.4188
26.4095
26.4002
26.3909
26.3817
26.3726
26.3634
26.3543
26.3453
26.3362
26.3272
26.3183
26.3094
26.3005
26.2917
26.2829
26.2741
26.2654
26.2567
26.248
26.2394
26.2308
26.2222
26.2137
26.2052
26.1968
26.1884
26.18
26.1716
26.1633
26.1551
26.1468
26.1386
26.1304
26.1223
26.1142
26.1061
26.0981
26.0901
26.0821
26.0741
26.0662
26.0584
26.0505
26.0427
26.0349
26.0272
26.0195
26.0118
26.0041
25.9965
25.9889
25.9813
25.9738
25.9663
25.9589
25.9514
25.944
25.9366
25.9293
25.922
25.9147
25.9074
25.9002
25.893
25.8859
25.8787
25.8716
25.8645
25.8575
25.8505
25.8435
25.8365
25.8296
25.8227
25.8158
25.809
25.8021
25.7954
25.7886
25.7819
25.7752
25.7685
25.7618
25.7552
25.7486
25.742
25.7355
25.729
25.7225
25.716
25.7096
25.7032
25.6968
25.6904
25.6841
25.6778
25.6715
25.6652
25.659
25.6528
25.6466
25.6405
25.6344
25.6283
25.6222
25.6161
25.6101
25.6041
25.5981
25.5922
25.5862
25.5803
25.5745
25.5686
25.5628
25.557
25.5512
25.5454
25.5397
25.534
25.5283
25.5226
25.517
25.5114
25.5058
25.5002
25.4946
25.4891
25.4836
25.4781
25.4727
25.4672
25.4618
25.4564
25.4511
25.4457
25.4404
25.4351
25.4298
25.4245
25.4193
25.4141
25.4089
25.4037
25.3986
25.3934
25.3883
25.3832
25.3782
25.3731
25.3681
25.3631
25.3581
25.3531
25.3482
25.3433
25.3383
25.3335
25.3286
25.3238
25.3189
25.3141
25.3093
25.3046
25.2998
25.2951
25.2904
25.2857
25.281
25.2764
25.2718
25.2671
25.2626
25.258
25.2534
25.2489
25.2444
25.2399
25.2354
25.2309
25.2265
25.2221
25.2177
25.2133
25.2089
25.2045
25.2002
25.1959
25.1916
25.1873
25.183
25.1788
25.1746
25.1704
25.1662
25.162
25.1578
25.1537
25.1496
25.1455
25.1414
25.1373
25.1332
25.1292
25.1252
25.1211
25.1172
25.1132
25.1092
25.1053
25.1013
25.0974
25.0935
25.0897
25.0858
25.082
25.0781
25.0743
25.0705
25.0667
25.063
25.0592
25.0555
25.0517
25.048
25.0443
25.0407
25.037
25.0334
25.0297
25.0261
25.0225
25.0189
25.0153
25.0118
25.0082
25.0047
25.0012
24.9977
24.9942
24.9907
24.9873
24.9838
24.9804
24.977
24.9736
24.9702
24.9668
24.9635
24.9601
24.9568
24.9535
24.9502
24.9469
24.9436
24.9404
24.9371
24.9339
24.9307
24.9274
24.9242
24.9211
24.9179
24.9147
24.9116
24.9085
24.9053
24.9022
24.8991
24.8961
24.893
24.8899
24.8869
24.8839
24.8808
24.8778
24.8748
24.8719
24.8689
24.8659
24.863
24.8601
24.8571
24.8542
24.8513
24.8485
24.8456
24.8427
24.8399
24.837
24.8342
24.8314
24.8286
24.8258
24.823
24.8203
24.8175
24.8148
24.812
24.8093
24.8066
24.8039
24.8012
24.7985
24.7959
24.7932
24.7906
24.7879
24.7853
24.7827
24.7801
24.7775
24.7749
24.7723
24.7698
24.7672
24.7647
24.7622
24.7596
24.7571
24.7546
24.7521
24.7497
24.7472
24.7447
24.7423
24.7399
24.7374
24.735
24.7326
24.7302
24.7278
24.7255
24.7231
24.7207
24.7184
24.716
24.7137
24.7114
24.7091
24.7068
24.7045
24.7022
24.6999
24.6977
24.6954
24.6932
24.691
24.6887
24.6865
24.6843
24.6821
24.6799
24.6777
24.6756
24.6734
24.6712
24.6691
24.667
24.6648
24.6627
24.6606
24.6585
24.6564
24.6543
24.6523
24.6502
24.6481
24.6461
24.644
24.642
24.64
24.638
24.636
24.634
24.632
24.63
24.628
24.626
24.6241
24.6221
24.6202
24.6183
24.6163
24.6144
24.6125
24.6106
24.6087
24.6068
24.6049
24.6031
24.6012
24.5993
24.5975
24.5956
24.5938
24.592
24.5902
24.5884
24.5866
24.5848
24.583
24.5812
24.5794
24.5776
24.5759
24.5741
24.5724
24.5706
24.5689
24.5672
24.5655
24.5638
24.5621
24.5604
24.5587
24.557
24.5553
24.5536
24.552
24.5503
24.5487
24.547
24.5454
24.5438
24.5422
24.5405
24.5389
24.5373
24.5357
24.5341
24.5326
24.531
24.5294
24.5279
24.5263
24.5248
24.5232
24.5217
24.5201
24.5186
24.5171
24.5156
24.5141
24.5126
24.5111
24.5096
24.5081
24.5066
24.5052
24.5037
24.5023
24.5008
24.4994
24.4979
24.4965
24.4951
24.4936
24.4922
24.4908
24.4894
24.488
24.4866
24.4852
24.4839
24.4825
24.4811
24.4797
24.4784
24.477
24.4757
24.4743
24.473
24.4717
24.4704
24.469
24.4677
24.4664
24.4651
24.4638
24.4625
24.4612
24.4599
24.4587
24.4574
24.4561
24.4549
24.4536
24.4524
24.4511
24.4499
24.4486
24.4474
24.4462
24.445
24.4438
24.4425
24.4413
24.4401
24.4389
24.4377
24.4366
24.4354
24.4342
24.433
24.4319
24.4307
24.4295
24.4284
24.4272
24.4261
24.425
24.4238
