0  0  100
0  0.03  100
0  0.06  100
0  0.09  100
0  0.12  100
0  0.15  100
0  0.18  100
0  0.21  100
0  0.24  100
0  0.27  100
0  0.3  100
0  0.33  100
0  0.36  100
0  0.39  100
0  0.42  100
0  0.45  100
0  0.48  100
0  0.51  100
0  0.54  100
0  0.57  100
0  0.6  100
0  0.63  100
0  0.66  100
0  0.69  100
0  0.72  100
0  0.75  100
0  0.78  100
0  0.81  100
0  0.84  100
0  0.87  100
0  0.9  100
0  0.93  100
0  0.96  100

0.03  0  0
0.03  0.03  51.1123
0.03  0.06  71.9683
0.03  0.09  82.3037
0.03  0.12  88.3375
0.03  0.15  92.263
0.03  0.18  94.9392
0.03  0.21  96.7556
0.03  0.24  97.9583
0.03  0.27  98.7337
0.03  0.3  99.2224
0.03  0.33  99.525
0.03  0.36  99.7094
0.03  0.39  99.8195
0.03  0.42  99.8828
0.03  0.45  99.9152
0.03  0.48  99.9251
0.03  0.51  99.9152
0.03  0.54  99.8828
0.03  0.57  99.8195
0.03  0.6  99.7094
0.03  0.63  99.525
0.03  0.66  99.2224
0.03  0.69  98.7337
0.03  0.72  97.9583
0.03  0.75  96.7556
0.03  0.78  94.9392
0.03  0.81  92.263
0.03  0.84  88.3374
0.03  0.87  82.3036
0.03  0.9  71.9682
0.03  0.93  51.1123
0.03  0.96  0

0.06  0  0
0.06  0.03  32.481
0.06  0.06  54.4571
0.06  0.09  68.9089
0.06  0.12  78.7831
0.06  0.15  85.7755
0.06  0.18  90.7382
0.06  0.21  94.1249
0.06  0.24  96.344
0.06  0.27  97.754
0.06  0.3  98.6309
0.06  0.33  99.1681
0.06  0.36  99.4929
0.06  0.39  99.6859
0.06  0.42  99.7964
0.06  0.45  99.8528
0.06  0.48  99.8702
0.06  0.51  99.8528
0.06  0.54  99.7964
0.06  0.57  99.6859
0.06  0.6  99.4929
0.06  0.63  99.1681
0.06  0.66  98.6309
0.06  0.69  97.754
0.06  0.72  96.344
0.06  0.75  94.1249
0.06  0.78  90.7382
0.06  0.81  85.7754
0.06  0.84  78.783
0.06  0.87  68.9088
0.06  0.9  54.457
0.06  0.93  32.481
0.06  0.96  0

0.09  0  0
0.09  0.03  24.3547
0.09  0.06  44.4703
0.09  0.09  60.0917
0.09  0.12  72.1107
0.09  0.15  81.3176
0.09  0.18  88.1133
0.09  0.21  92.6618
0.09  0.24  95.5388
0.09  0.27  97.3074
0.09  0.3  98.3792
0.09  0.33  99.0236
0.09  0.36  99.4083
0.09  0.39  99.635
0.09  0.42  99.7639
0.09  0.45  99.8297
0.09  0.48  99.8498
0.09  0.51  99.8297
0.09  0.54  99.7639
0.09  0.57  99.6349
0.09  0.6  99.4083
0.09  0.63  99.0236
0.09  0.66  98.3792
0.09  0.69  97.3074
0.09  0.72  95.5388
0.09  0.75  92.6617
0.09  0.78  88.1132
0.09  0.81  81.3174
0.09  0.84  72.1105
0.09  0.87  60.0916
0.09  0.9  44.4702
0.09  0.93  24.3546
0.09  0.96  0

0.12  0  0
0.12  0.03  20.4673
0.12  0.06  38.9777
0.12  0.09  54.8771
0.12  0.12  68.2502
0.12  0.15  79.2708
0.12  0.18  87.7358
0.12  0.21  92.87
0.12  0.24  95.8421
0.12  0.27  97.5576
0.12  0.3  98.5549
0.12  0.33  99.1389
0.12  0.36  99.4817
0.12  0.39  99.6816
0.12  0.42  99.7947
0.12  0.45  99.8521
0.12  0.48  99.8697
0.12  0.51  99.8521
0.12  0.54  99.7947
0.12  0.57  99.6816
0.12  0.6  99.4817
0.12  0.63  99.1389
0.12  0.66  98.5549
0.12  0.69  97.5576
0.12  0.72  95.8421
0.12  0.75  92.8699
0.12  0.78  87.7356
0.12  0.81  79.2706
0.12  0.84  68.2499
0.12  0.87  54.8768
0.12  0.9  38.9774
0.12  0.93  20.4672
0.12  0.96  0

0.15  0  0
0.15  0.03  18.537
0.15  0.06  36.096
0.15  0.09  52.1886
0.15  0.12  66.7423
0.15  0.15  79.7797
0.15  0.18  90.6889
0.15  0.21  95.2402
0.15  0.24  97.4021
0.15  0.27  98.5259
0.15  0.3  99.144
0.15  0.33  99.4952
0.15  0.36  99.698
0.15  0.39  99.8152
0.15  0.42  99.8811
0.15  0.45  99.9145
0.15  0.48  99.9247
0.15  0.51  99.9145
0.15  0.54  99.8811
0.15  0.57  99.8152
0.15  0.6  99.698
0.15  0.63  99.4952
0.15  0.66  99.144
0.15  0.69  98.5259
0.15  0.72  97.402
0.15  0.75  95.2402
0.15  0.78  90.6888
0.15  0.81  79.7794
0.15  0.84  66.7419
0.15  0.87  52.1881
0.15  0.9  36.0956
0.15  0.93  18.5368
0.15  0.96  0

0.18  0  0
0.18  0.03  17.5847
0.18  0.06  34.6809
0.18  0.09  51.0389
0.18  0.12  66.7507
0.18  0.15  82.4167
0.18  0.18  100
0.18  0.21  100
0.18  0.24  100
0.18  0.27  100
0.18  0.3  100
0.18  0.33  100
0.18  0.36  100
0.18  0.39  100
0.18  0.42  100
0.18  0.45  100
0.18  0.48  100
0.18  0.51  100
0.18  0.54  100
0.18  0.57  100
0.18  0.6  100
0.18  0.63  100
0.18  0.66  100
0.18  0.69  100
0.18  0.72  100
0.18  0.75  100
0.18  0.78  100
0.18  0.81  82.4163
0.18  0.84  66.75
0.18  0.87  51.0381
0.18  0.9  34.6802
0.18  0.93  17.5844
0.18  0.96  0

0.21  0  0
0.21  0.03  17.1211
0.21  0.06  34.0037
0.21  0.09  50.5355
0.21  0.12  66.805
0.21  0.15  83.1365
0.21  0.18  100
0.21  0.21  99.9878
0.21  0.24  99.9763
0.21  0.27  99.9656
0.21  0.3  99.956
0.21  0.33  99.9477
0.21  0.36  99.9409
0.21  0.39  99.9357
0.21  0.42  99.9322
0.21  0.45  99.9305
0.21  0.48  99.9305
0.21  0.51  99.9322
0.21  0.54  99.9355
0.21  0.57  99.9403
0.21  0.6  99.9465
0.21  0.63  99.9538
0.21  0.66  99.9621
0.21  0.69  99.9711
0.21  0.72  99.9805
0.21  0.75  99.9903
0.21  0.78  100
0.21  0.81  83.1358
0.21  0.84  66.8039
0.21  0.87  50.5343
0.21  0.9  34.0026
0.21  0.93  17.1205
0.21  0.96  0

0.24  0  0
0.24  0.03  16.8959
0.24  0.06  33.6774
0.24  0.09  50.2945
0.24  0.12  66.7972
0.24  0.15  83.3241
0.24  0.18  100
0.24  0.21  99.9763
0.24  0.24  99.9537
0.24  0.27  99.9329
0.24  0.3  99.9141
0.24  0.33  99.898
0.24  0.36  99.8847
0.24  0.39  99.8746
0.24  0.42  99.8678
0.24  0.45  99.8644
0.24  0.48  99.8644
0.24  0.51  99.8677
0.24  0.54  99.8742
0.24  0.57  99.8836
0.24  0.6  99.8956
0.24  0.63  99.9099
0.24  0.66  99.926
0.24  0.69  99.9435
0.24  0.72  99.962
0.24  0.75  99.981
0.24  0.78  100
0.24  0.81  83.3231
0.24  0.84  66.7953
0.24  0.87  50.2924
0.24  0.9  33.6756
0.24  0.93  16.8948
0.24  0.96  0

0.27  0  0
0.27  0.03  16.7851
0.27  0.06  33.5155
0.27  0.09  50.1679
0.27  0.12  66.7651
0.27  0.15  83.3629
0.27  0.18  100
0.27  0.21  99.9656
0.27  0.24  99.9329
0.27  0.27  99.9026
0.27  0.3  99.8754
0.27  0.33  99.852
0.27  0.36  99.8327
0.27  0.39  99.818
0.27  0.42  99.8081
0.27  0.45  99.8032
0.27  0.48  99.8032
0.27  0.51  99.808
0.27  0.54  99.8174
0.27  0.57  99.831
0.27  0.6  99.8485
0.27  0.63  99.8692
0.27  0.66  99.8926
0.27  0.69  99.9181
0.27  0.72  99.9449
0.27  0.75  99.9725
0.27  0.78  100
0.27  0.81  83.3611
0.27  0.84  66.7621
0.27  0.87  50.1644
0.27  0.9  33.5125
0.27  0.93  16.7833
0.27  0.96  0

0.3  0  0
0.3  0.03  16.729
0.3  0.06  33.4317
0.3  0.09  50.0965
0.3  0.12  66.7326
0.3  0.15  83.3622
0.3  0.18  100
0.3  0.21  99.956
0.3  0.24  99.9141
0.3  0.27  99.8754
0.3  0.3  99.8407
0.3  0.33  99.8107
0.3  0.36  99.7861
0.3  0.39  99.7673
0.3  0.42  99.7547
0.3  0.45  99.7483
0.3  0.48  99.7483
0.3  0.51  99.7545
0.3  0.54  99.7665
0.3  0.57  99.784
0.3  0.6  99.8062
0.3  0.63  99.8327
0.3  0.66  99.8627
0.3  0.69  99.8952
0.3  0.72  99.9296
0.3  0.75  99.9648
0.3  0.78  100
0.3  0.81  83.3592
0.3  0.84  66.7275
0.3  0.87  50.0906
0.3  0.9  33.4266
0.3  0.93  16.726
0.3  0.96  0

0.33  0  0
0.33  0.03  16.6992
0.33  0.06  33.3858
0.33  0.09  50.0538
0.33  0.12  66.7066
0.33  0.15  83.3531
0.33  0.18  100
0.33  0.21  99.9477
0.33  0.24  99.898
0.33  0.27  99.852
0.33  0.3  99.8107
0.33  0.33  99.7751
0.33  0.36  99.7458
0.33  0.39  99.7235
0.33  0.42  99.7085
0.33  0.45  99.701
0.33  0.48  99.701
0.33  0.51  99.7083
0.33  0.54  99.7226
0.33  0.57  99.7433
0.33  0.6  99.7698
0.33  0.63  99.8013
0.33  0.66  99.8368
0.33  0.69  99.8755
0.33  0.72  99.9163
0.33  0.75  99.9582
0.33  0.78  100
0.33  0.81  83.3482
0.33  0.84  66.698
0.33  0.87  50.0439
0.33  0.9  33.3772
0.33  0.93  16.6943
0.33  0.96  0

0.36  0  0
0.36  0.03  16.682
0.36  0.06  33.3583
0.36  0.09  50.0262
0.36  0.12  66.6869
0.36  0.15  83.3438
0.36  0.18  100
0.36  0.21  99.9409
0.36  0.24  99.8847
0.36  0.27  99.8327
0.36  0.3  99.7861
0.36  0.33  99.7458
0.36  0.36  99.7128
0.36  0.39  99.6875
0.36  0.42  99.6706
0.36  0.45  99.6621
0.36  0.48  99.6621
0.36  0.51  99.6704
0.36  0.54  99.6865
0.36  0.57  99.7099
0.36  0.6  99.7398
0.36  0.63  99.7754
0.36  0.66  99.8156
0.36  0.69  99.8593
0.36  0.72  99.9054
0.36  0.75  99.9527
0.36  0.78  100
0.36  0.81  83.3356
0.36  0.84  66.6726
0.36  0.87  50.0097
0.36  0.9  33.3441
0.36  0.93  16.6738
0.36  0.96  0

0.39  0  0
0.39  0.03  16.6705
0.39  0.06  33.3394
0.39  0.09  50.006
0.39  0.12  66.6709
0.39  0.15  83.3353
0.39  0.18  100
0.39  0.21  99.9357
0.39  0.24  99.8746
0.39  0.27  99.818
0.39  0.3  99.7673
0.39  0.33  99.7235
0.39  0.36  99.6875
0.39  0.39  99.6601
0.39  0.42  99.6417
0.39  0.45  99.6324
0.39  0.48  99.6324
0.39  0.51  99.6414
0.39  0.54  99.659
0.39  0.57  99.6844
0.39  0.6  99.717
0.39  0.63  99.7557
0.39  0.66  99.7994
0.39  0.69  99.847
0.39  0.72  99.8971
0.39  0.75  99.9486
0.39  0.78  100
0.39  0.81  83.3215
0.39  0.84  66.647
0.39  0.87  49.9784
0.39  0.9  33.3156
0.39  0.93  16.6568
0.39  0.96  0

0.42  0  0
0.42  0.03  16.6607
0.42  0.06  33.3227
0.42  0.09  49.9873
0.42  0.12  66.6553
0.42  0.15  83.3266
0.42  0.18  100
0.42  0.21  99.9322
0.42  0.24  99.8678
0.42  0.27  99.8081
0.42  0.3  99.7547
0.42  0.33  99.7085
0.42  0.36  99.6706
0.42  0.39  99.6417
0.42  0.42  99.6222
0.42  0.45  99.6125
0.42  0.48  99.6125
0.42  0.51  99.622
0.42  0.54  99.6405
0.42  0.57  99.6673
0.42  0.6  99.7017
0.42  0.63  99.7424
0.42  0.66  99.7885
0.42  0.69  99.8387
0.42  0.72  99.8915
0.42  0.75  99.9458
0.42  0.78  100
0.42  0.81  83.3035
0.42  0.84  66.6154
0.42  0.87  49.9414
0.42  0.9  33.2831
0.42  0.93  16.6378
0.42  0.96  0

0.45  0  0
0.45  0.03  16.6495
0.45  0.06  33.3035
0.45  0.09  49.9653
0.45  0.12  66.6364
0.45  0.15  83.3158
0.45  0.18  100
0.45  0.21  99.9305
0.45  0.24  99.8644
0.45  0.27  99.8032
0.45  0.3  99.7483
0.45  0.33  99.701
0.45  0.36  99.6621
0.45  0.39  99.6324
0.45  0.42  99.6125
0.45  0.45  99.6025
0.45  0.48  99.6025
0.45  0.51  99.6122
0.45  0.54  99.6312
0.45  0.57  99.6588
0.45  0.6  99.694
0.45  0.63  99.7358
0.45  0.66  99.7831
0.45  0.69  99.8345
0.45  0.72  99.8888
0.45  0.75  99.9444
0.45  0.78  100
0.45  0.81  83.2771
0.45  0.84  66.5697
0.45  0.87  49.8886
0.45  0.9  33.2374
0.45  0.93  16.6115
0.45  0.96  0

0.48  0  0
0.48  0.03  16.6339
0.48  0.06  33.2764
0.48  0.09  49.934
0.48  0.12  66.6093
0.48  0.15  83.3001
0.48  0.18  100
0.48  0.21  99.9305
0.48  0.24  99.8644
0.48  0.27  99.8032
0.48  0.3  99.7483
0.48  0.33  99.701
0.48  0.36  99.6621
0.48  0.39  99.6324
0.48  0.42  99.6125
0.48  0.45  99.6025
0.48  0.48  99.6025
0.48  0.51  99.6122
0.48  0.54  99.6312
0.48  0.57  99.6588
0.48  0.6  99.694
0.48  0.63  99.7358
0.48  0.66  99.7831
0.48  0.69  99.8345
0.48  0.72  99.8888
0.48  0.75  99.9444
0.48  0.78  100
0.48  0.81  83.2352
0.48  0.84  66.4976
0.48  0.87  49.8061
0.48  0.9  33.1665
0.48  0.93  16.5708
0.48  0.96  0

0.51  0  0
0.51  0.03  16.6096
0.51  0.06  33.2342
0.51  0.09  49.885
0.51  0.12  66.5666
0.51  0.15  83.2753
0.51  0.18  100
0.51  0.21  99.9322
0.51  0.24  99.8677
0.51  0.27  99.808
0.51  0.3  99.7545
0.51  0.33  99.7083
0.51  0.36  99.6704
0.51  0.39  99.6414
0.51  0.42  99.622
0.51  0.45  99.6122
0.51  0.48  99.6122
0.51  0.51  99.6217
0.51  0.54  99.6402
0.51  0.57  99.6671
0.51  0.6  99.7015
0.51  0.63  99.7423
0.51  0.66  99.7884
0.51  0.69  99.8386
0.51  0.72  99.8915
0.51  0.75  99.9457
0.51  0.78  100
0.51  0.81  83.1662
0.51  0.84  66.3794
0.51  0.87  49.6716
0.51  0.9  33.0516
0.51  0.93  16.5051
0.51  0.96  0

0.54  0  0
0.54  0.03  16.5704
0.54  0.06  33.1658
0.54  0.09  49.8052
0.54  0.12  66.4967
0.54  0.15  83.2347
0.54  0.18  100
0.54  0.21  99.9355
0.54  0.24  99.8742
0.54  0.27  99.8174
0.54  0.3  99.7665
0.54  0.33  99.7226
0.54  0.36  99.6865
0.54  0.39  99.659
0.54  0.42  99.6405
0.54  0.45  99.6312
0.54  0.48  99.6312
0.54  0.51  99.6402
0.54  0.54  99.6578
0.54  0.57  99.6834
0.54  0.6  99.7161
0.54  0.63  99.7549
0.54  0.66  99.7988
0.54  0.69  99.8465
0.54  0.72  99.8968
0.54  0.75  99.9484
0.54  0.78  100
0.54  0.81  83.0502
0.54  0.84  66.1822
0.54  0.87  49.4492
0.54  0.9  32.8634
0.54  0.93  16.3981
0.54  0.96  0

0.57  0  0
0.57  0.03  16.5062
0.57  0.06  33.0533
0.57  0.09  49.6732
0.57  0.12  66.3805
0.57  0.15  83.1667
0.57  0.18  100
0.57  0.21  99.9403
0.57  0.24  99.8836
0.57  0.27  99.831
0.57  0.3  99.784
0.57  0.33  99.7433
0.57  0.36  99.7099
0.57  0.39  99.6844
0.57  0.42  99.6673
0.57  0.45  99.6588
0.57  0.48  99.6588
0.57  0.51  99.6671
0.57  0.54  99.6834
0.57  0.57  99.707
0.57  0.6  99.7373
0.57  0.63  99.7732
0.57  0.66  99.8138
0.57  0.69  99.8579
0.57  0.72  99.9045
0.57  0.75  99.9522
0.57  0.78  100
0.57  0.81  82.8523
0.57  0.84  65.8498
0.57  0.87  49.0799
0.57  0.9  32.5544
0.57  0.93  16.224
0.57  0.96  0

0.6  0  0
0.6  0.03  16.4011
0.6  0.06  32.8681
0.6  0.09  49.4539
0.6  0.12  66.1854
0.6  0.15  83.0516
0.6  0.18  100
0.6  0.21  99.9465
0.6  0.24  99.8956
0.6  0.27  99.8485
0.6  0.3  99.8062
0.6  0.33  99.7698
0.6  0.36  99.7398
0.6  0.39  99.717
0.6  0.42  99.7017
0.6  0.45  99.694
0.6  0.48  99.694
0.6  0.51  99.7015
0.6  0.54  99.7161
0.6  0.57  99.7373
0.6  0.6  99.7644
0.6  0.63  99.7966
0.6  0.66  99.833
0.6  0.69  99.8726
0.6  0.72  99.9144
0.6  0.75  99.9572
0.6  0.78  100
0.6  0.81  82.5091
0.6  0.84  65.2851
0.6  0.87  48.4659
0.6  0.9  32.0505
0.6  0.93  15.9434
0.6  0.96  0

0.63  0  0
0.63  0.03  16.23
0.63  0.06  32.5639
0.63  0.09  49.089
0.63  0.12  65.8555
0.63  0.15  82.8542
0.63  0.18  100
0.63  0.21  99.9538
0.63  0.24  99.9099
0.63  0.27  99.8692
0.63  0.3  99.8327
0.63  0.33  99.8013
0.63  0.36  99.7754
0.63  0.39  99.7557
0.63  0.42  99.7424
0.63  0.45  99.7358
0.63  0.48  99.7358
0.63  0.51  99.7423
0.63  0.54  99.7549
0.63  0.57  99.7732
0.63  0.6  99.7966
0.63  0.63  99.8244
0.63  0.66  99.8558
0.63  0.69  99.89
0.63  0.72  99.9261
0.63  0.75  99.963
0.63  0.78  100
0.63  0.81  81.8991
0.63  0.84  64.3154
0.63  0.87  47.4483
0.63  0.9  31.2384
0.63  0.93  15.4991
0.63  0.96  0

0.66  0  0
0.66  0.03  15.9549
0.66  0.06  32.0687
0.66  0.09  48.4827
0.66  0.12  65.2936
0.66  0.15  82.5097
0.66  0.18  100
0.66  0.21  99.9621
0.66  0.24  99.926
0.66  0.27  99.8926
0.66  0.3  99.8627
0.66  0.33  99.8368
0.66  0.36  99.8156
0.66  0.39  99.7994
0.66  0.42  99.7885
0.66  0.45  99.7831
0.66  0.48  99.7831
0.66  0.51  99.7884
0.66  0.54  99.7988
0.66  0.57  99.8138
0.66  0.6  99.833
0.66  0.63  99.8558
0.66  0.66  99.8816
0.66  0.69  99.9097
0.66  0.72  99.9393
0.66  0.75  99.9696
0.66  0.78  100
0.66  0.81  80.772
0.66  0.84  62.6289
0.66  0.87  45.7735
0.66  0.9  29.9557
0.66  0.93  14.8145
0.66  0.96  0

0.69  0  0
0.69  0.03  15.5209
0.69  0.06  31.2732
0.69  0.09  47.4795
0.69  0.12  64.3263
0.69  0.15  81.8909
0.69  0.18  100
0.69  0.21  99.9711
0.69  0.24  99.9435
0.69  0.27  99.9181
0.69  0.3  99.8952
0.69  0.33  99.8755
0.69  0.36  99.8593
0.69  0.39  99.847
0.69  0.42  99.8387
0.69  0.45  99.8345
0.69  0.48  99.8345
0.69  0.51  99.8386
0.69  0.54  99.8465
0.69  0.57  99.8579
0.69  0.6  99.8726
0.69  0.63  99.89
0.69  0.66  99.9097
0.69  0.69  99.9311
0.69  0.72  99.9537
0.69  0.75  99.9768
0.69  0.78  100
0.69  0.81  78.5601
0.69  0.84  59.6548
0.69  0.87  43.0611
0.69  0.9  27.9963
0.69  0.93  13.8032
0.69  0.96  0

0.72  0  0
0.72  0.03  14.8555
0.72  0.06  30.0236
0.72  0.09  45.8358
0.72  0.12  62.6415
0.72  0.15  80.7274
0.72  0.18  100
0.72  0.21  99.9805
0.72  0.24  99.962
0.72  0.27  99.9449
0.72  0.3  99.9296
0.72  0.33  99.9163
0.72  0.36  99.9054
0.72  0.39  99.8971
0.72  0.42  99.8915
0.72  0.45  99.8888
0.72  0.48  99.8888
0.72  0.51  99.8915
0.72  0.54  99.8968
0.72  0.57  99.9045
0.72  0.6  99.9144
0.72  0.63  99.9261
0.72  0.66  99.9393
0.72  0.69  99.9537
0.72  0.72  99.9689
0.72  0.75  99.9844
0.72  0.78  100
0.72  0.81  73.8137
0.72  0.84  54.369
0.72  0.87  38.8199
0.72  0.9  25.1652
0.72  0.93  12.4021
0.72  0.96  0

0.75  0  0
0.75  0.03  13.8775
0.75  0.06  28.1299
0.75  0.09  43.1988
0.75  0.12  59.6762
0.75  0.15  78.3774
0.75  0.18  100
0.75  0.21  99.9903
0.75  0.24  99.981
0.75  0.27  99.9725
0.75  0.3  99.9648
0.75  0.33  99.9582
0.75  0.36  99.9527
0.75  0.39  99.9486
0.75  0.42  99.9458
0.75  0.45  99.9444
0.75  0.48  99.9444
0.75  0.51  99.9457
0.75  0.54  99.9484
0.75  0.57  99.9522
0.75  0.6  99.9572
0.75  0.63  99.963
0.75  0.66  99.9696
0.75  0.69  99.9768
0.75  0.72  99.9844
0.75  0.75  99.9922
0.75  0.78  100
0.75  0.81  62.3255
0.75  0.84  45.1877
0.75  0.87  32.6844
0.75  0.9  21.4423
0.75  0.93  10.6402
0.75  0.96  0

0.78  0  0
0.78  0.03  12.5244
0.78  0.06  25.4199
0.78  0.09  39.1531
0.78  0.12  54.4872
0.78  0.15  73.1061
0.78  0.18  100
0.78  0.21  100
0.78  0.24  100
0.78  0.27  100
0.78  0.3  100
0.78  0.33  100
0.78  0.36  100
0.78  0.39  100
0.78  0.42  100
0.78  0.45  100
0.78  0.48  100
0.78  0.51  100
0.78  0.54  100
0.78  0.57  100
0.78  0.6  100
0.78  0.63  100
0.78  0.66  100
0.78  0.69  100
0.78  0.72  100
0.78  0.75  100
0.78  0.78  0
0.78  0.81  30.3008
0.78  0.84  31.3718
0.78  0.87  25.2877
0.78  0.9  17.2793
0.78  0.93  8.71628
0.78  0.96  0

0.81  0  0
0.81  0.03  10.8003
0.81  0.06  21.872
0.81  0.09  33.5067
0.81  0.12  46.0135
0.81  0.15  59.5596
0.81  0.18  73.1056
0.81  0.21  78.3765
0.81  0.24  80.7258
0.81  0.27  81.8881
0.81  0.3  82.505
0.81  0.33  82.8463
0.81  0.36  83.0385
0.81  0.39  83.1448
0.81  0.42  83.1981
0.81  0.45  83.2141
0.81  0.48  83.1975
0.81  0.51  83.1436
0.81  0.54  83.0367
0.81  0.57  82.8442
0.81  0.6  82.5043
0.81  0.63  81.8962
0.81  0.66  80.7703
0.81  0.69  78.5591
0.81  0.72  73.8131
0.81  0.75  62.3252
0.81  0.78  30.3006
0.81  0.81  27.5058
0.81  0.84  24.711
0.81  0.87  19.8153
0.81  0.9  13.6711
0.81  0.93  6.94562
0.81  0.96  0

0.84  0  0
0.84  0.03  8.80496
0.84  0.06  17.7611
0.84  0.09  26.988
0.84  0.12  36.5006
0.84  0.15  46.0132
0.84  0.18  54.4864
0.84  0.21  59.6746
0.84  0.24  62.6386
0.84  0.27  64.3215
0.84  0.3  65.2854
0.84  0.33  65.8419
0.84  0.36  66.1627
0.84  0.39  66.3426
0.84  0.42  66.4334
0.84  0.45  66.4608
0.84  0.48  66.4324
0.84  0.51  66.3404
0.84  0.54  66.1588
0.84  0.57  65.8358
0.84  0.6  65.2767
0.84  0.63  64.3103
0.84  0.66  62.6259
0.84  0.69  59.653
0.84  0.72  54.368
0.84  0.75  45.1871
0.84  0.78  31.3715
0.84  0.81  24.7109
0.84  0.84  20.1511
0.84  0.87  15.5913
0.84  0.9  10.644
0.84  0.93  5.39514
0.84  0.96  0

0.87  0  0
0.87  0.03  6.65842
0.87  0.06  13.3794
0.87  0.09  20.1836
0.87  0.12  26.9878
0.87  0.15  33.5061
0.87  0.18  39.1521
0.87  0.21  43.1968
0.87  0.24  45.8325
0.87  0.27  47.4739
0.87  0.3  48.4733
0.87  0.33  49.0733
0.87  0.36  49.4277
0.87  0.39  49.6295
0.87  0.42  49.7323
0.87  0.45  49.7633
0.87  0.48  49.731
0.87  0.51  49.6266
0.87  0.54  49.4223
0.87  0.57  49.0637
0.87  0.6  48.4563
0.87  0.63  47.4425
0.87  0.66  45.77
0.87  0.69  43.0591
0.87  0.72  38.8187
0.87  0.75  32.6837
0.87  0.78  25.2873
0.87  0.81  19.8151
0.87  0.84  15.5913
0.87  0.87  11.7549
0.87  0.9  7.91854
0.87  0.93  3.99094
0.87  0.96  0

0.9  0  0
0.9  0.03  4.44936
0.9  0.06  8.91434
0.9  0.09  13.3793
0.9  0.12  17.7608
0.9  0.15  21.8715
0.9  0.18  25.4189
0.9  0.21  28.1282
0.9  0.24  30.0207
0.9  0.27  31.2683
0.9  0.3  32.0605
0.9  0.33  32.5504
0.9  0.36  32.8454
0.9  0.39  33.0155
0.9  0.42  33.1028
0.9  0.45  33.1292
0.9  0.48  33.1016
0.9  0.51  33.0127
0.9  0.54  32.84
0.9  0.57  32.5405
0.9  0.6  32.0422
0.9  0.63  31.2334
0.9  0.66  29.9527
0.9  0.69  27.9945
0.9  0.72  25.1641
0.9  0.75  21.4416
0.9  0.78  17.279
0.9  0.81  13.6709
0.9  0.84  10.6439
0.9  0.87  7.91851
0.9  0.9  5.28429
0.9  0.93  2.65007
0.9  0.96  0

0.93  0  0
0.93  0.03  2.22468
0.93  0.06  4.44934
0.93  0.09  6.65836
0.93  0.12  8.80481
0.93  0.15  10.8
0.93  0.18  12.5239
0.93  0.21  13.8765
0.93  0.24  14.8538
0.93  0.27  15.5181
0.93  0.3  15.9502
0.93  0.33  16.2221
0.93  0.36  16.388
0.93  0.39  16.4844
0.93  0.42  16.5341
0.93  0.45  16.5492
0.93  0.48  16.5333
0.93  0.51  16.4827
0.93  0.54  16.3847
0.93  0.57  16.2159
0.93  0.6  15.9386
0.93  0.63  15.4962
0.93  0.66  14.8128
0.93  0.69  13.8022
0.93  0.72  12.4015
0.93  0.75  10.6398
0.93  0.78  8.71607
0.93  0.81  6.94551
0.93  0.84  5.39509
0.93  0.87  3.99091
0.93  0.9  2.65006
0.93  0.93  1.32503
0.93  0.96  0

0.96  0  0
0.96  0.03  0
0.96  0.06  0
0.96  0.09  0
0.96  0.12  0
0.96  0.15  0
0.96  0.18  0
0.96  0.21  0
0.96  0.24  0
0.96  0.27  0
0.96  0.3  0
0.96  0.33  0
0.96  0.36  0
0.96  0.39  0
0.96  0.42  0
0.96  0.45  0
0.96  0.48  0
0.96  0.51  0
0.96  0.54  0
0.96  0.57  0
0.96  0.6  0
0.96  0.63  0
0.96  0.66  0
0.96  0.69  0
0.96  0.72  0
0.96  0.75  0
0.96  0.78  0
0.96  0.81  0
0.96  0.84  0
0.96  0.87  0
0.96  0.9  0
0.96  0.93  0
0.96  0.96  0


